10026	10026
10027	10027
10028	10028
10029	10029
10039	10039
10048	10048
10049	10049
10054	10054
10064	10064
10070	10070
10096	10096
101	101
10101	10101
10105	10105
10106	10106
10107	10107
10112	10112
10113	10113
10119	10119
1012	1012
10123	10123
1013	1013
1014	1014
10144	10144
10146	10146
10149	10149
1015	1015
10154	10154
10155	10155
10156	10156
10157	10157
10158	10158
10159	10159
1016	1016
10160	10160
10161	10161
10162	10162
10163	10163
10165	10165
10167	10167
10169	10169
10171	10171
10174	10174
10176	10176
10177	10177
10178	10178
10179	10179
10180	10180
10181	10181
10182	10182
10185	10185
10189	10189
1019	1019
1020	1020
10200	10200
1021	1021
10222	10222
10225	10225
10230	10230
10240	10240
10242	10242
10243	10243
10247	10247
10258	10258
1026	1026
10266	10266
10267	10267
1027	1027
10270	10270
10276	10276
10278	10278
10280	10280
10289	10289
10291	10291
10297	10297
10299	10299
103	103
10304	10304
10305	10305
10306	10306
10307	10307
10308	10308
10309	10309
10311	10311
10312	10312
10313	10313
10314	10314
10315	10315
10316	10316
10320	10320
10323	10323
10340	10340
10357	10357
10367	10367
10387	10387
1039	1039
10395	10395
10396	10396
10399	10399
1040	1040
10400	10400
10401	10401
10411	10411
10415	10415
1044	1044
10444	10444
10450	10450
10451	10451
10460	10460
10469	10469
10470	10470
10472	10472
10478	10478
10499	10499
10500	10500
10503	10503
10520	10520
10524	10524
10527	10527
10529	10529
10539	10539
10543	10543
10550	10550
10555	10555
10557	10557
10566	10566
10574	10574
10585	10585
10598	10598
10600	10600
10605	10605
10607	10607
10621	10621
10623	10623
10624	10624
10625	10625
10627	10627
10628	10628
10629	10629
1063	1063
10630	10630
10631	10631
10632	10632
10641	10641
10642	10642
10647	10647
10653	10653
10654	10654
10664	10664
10670	10670
10674	10674
10677	10677
1068	1068
10689	10689
10691	10691
10702	10702
1071	1071
10711	10711
10719	10719
1072	1072
10720	10720
10724	10724
1073	1073
10731	10731
10735	10735
10738	10738
10741	10741
10751	10751
10754	10754
10757	10757
10768	10768
10772	10772
10776	10776
10780	10780
10784	10784
10789	10789
1079	1079
10791	10791
10808	10808
10809	10809
10813	10813
10818	10818
10826	10826
10831	10831
10833	10833
10839	10839
10841	10841
10850	10850
10856	10856
10858	10858
1086	1086
10860	10860
10869	10869
10872	10872
10873	10873
10876	10876
10877	10877
10878	10878
10880	10880
10882	10882
10883	10883
10885	10885
10897	10897
10900	10900
10901	10901
10905	10905
10906	10906
10912	10912
10915	10915
10916	10916
10918	10918
1092	1092
10922	10922
10929	10929
10931	10931
10933	10933
10934	10934
10938	10938
10946	10946
10955	10955
10956	10956
10963	10963
1097	1097
10971	10971
1098	1098
10988	10988
10989	10989
1099	1099
10990	10990
10998	10998
11	11
11001	11001
11007	11007
1102	1102
11021	11021
11025	11025
11034	11034
11041	11041
11045	11045
11047	11047
11049	11049
11052	11052
11053	11053
11054	11054
11055	11055
11058	11058
11059	11059
11060	11060
11061	11061
11062	11062
11063	11063
11064	11064
11065	11065
11068	11068
11069	11069
11071	11071
11072	11072
11074	11074
11075	11075
11076	11076
11077	11077
11078	11078
11079	11079
11080	11080
11081	11081
11082	11082
11087	11087
11088	11088
11090	11090
11091	11091
11092	11092
11093	11093
11096	11096
11097	11097
11100	11100
11101	11101
11111	11111
11115	11115
11117	11117
11118	11118
11123	11123
11128	11128
11134	11134
11148	11148
11150	11150
11153	11153
11155	11155
1116	1116
11165	11165
11166	11166
1117	1117
11175	11175
11177	11177
1118	1118
11184	11184
11191	11191
1120	1120
11204	11204
11206	11206
11214	11214
11221	11221
11226	11226
1123	1123
11230	11230
11231	11231
11232	11232
11233	11233
11235	11235
11236	11236
11242	11242
11249	11249
11257	11257
11273	11273
11319	11319
11326	11326
11331	11331
11335	11335
11337	11337
11347	11347
11356	11356
11357	11357
1136	1136
11367	11367
1138	1138
11387	11387
11394	11394
11395	11395
11400	11400
11406	11406
11407	11407
11408	11408
11413	11413
11419	11419
11433	11433
11437	11437
11438	11438
11439	11439
11440	11440
11447	11447
11448	11448
11451	11451
11461	11461
11466	11466
11472	11472
11473	11473
11475	11475
11483	11483
11486	11486
11490	11490
11497	11497
11502	11502
11516	11516
11525	11525
11547	11547
11552	11552
11555	11555
11558	11558
11564	11564
11569	11569
11571	11571
11572	11572
11580	11580
11581	11581
11585	11585
1159	1159
11593	11593
11594	11594
11596	11596
11597	11597
1160	1160
11601	11601
11603	11603
11604	11604
1161	1161
11614	11614
11615	11615
11617	11617
11619	11619
11622	11622
11625	11625
11628	11628
11630	11630
11635	11635
11637	11637
11646	11646
11648	11648
11650	11650
11656	11656
1166	1166
11666	11666
11668	11668
11672	11672
11684	11684
11698	11698
11699	11699
11700	11700
11702	11702
11703	11703
11704	11704
11707	11707
11708	11708
11709	11709
11710	11710
11712	11712
11713	11713
11714	11714
11715	11715
11716	11716
11717	11717
11718	11718
11719	11719
11720	11720
11721	11721
11722	11722
11723	11723
11724	11724
11725	11725
11726	11726
11727	11727
11728	11728
11729	11729
11730	11730
11731	11731
11744	11744
11748	11748
11760	11760
11762	11762
11763	11763
11764	11764
11767	11767
11768	11768
11769	11769
11770	11770
11776	11776
11777	11777
11780	11780
11782	11782
11783	11783
11784	11784
11791	11791
11797	11797
11798	11798
11799	11799
11800	11800
1181	1181
11811	11811
11814	11814
1182	1182
11822	11822
11823	11823
11827	11827
11830	11830
11832	11832
11834	11834
1184	1184
11845	11845
11847	11847
11853	11853
11855	11855
11866	11866
11867	11867
11874	11874
11882	11882
11896	11896
1190	1190
11902	11902
11906	11906
11910	11910
11926	11926
11931	11931
11932	11932
11933	11933
11941	11941
11948	11948
11950	11950
11952	11952
11959	11959
1196	1196
11962	11962
11964	11964
11969	11969
11971	11971
11974	11974
11979	11979
11988	11988
11989	11989
11990	11990
11994	11994
12010	12010
12016	12016
12018	12018
12030	12030
12031	12031
12033	12033
12047	12047
12059	12059
1206	1206
12061	12061
12065	12065
12066	12066
12076	12076
1208	1208
12089	12089
1210	1210
12102	12102
12103	12103
12113	12113
12119	12119
12122	12122
12129	12129
12133	12133
1214	1214
12146	12146
12148	12148
12149	12149
12152	12152
12153	12153
12154	12154
12161	12161
12164	12164
12167	12167
12184	12184
12198	12198
12199	12199
12200	12200
12201	12201
12202	12202
12204	12204
12205	12205
12235	12235
12239	12239
12246	12246
12248	12248
12254	12254
12267	12267
12284	12284
12288	12288
1230	1230
12311	12311
12324	12324
12346	12346
12361	12361
12362	12362
12365	12365
12377	12377
12381	12381
12390	3268
12392	12392
12401	12401
12402	12402
1242	1242
12428	12428
1243	1243
12445	12445
12462	12462
12464	12464
12477	12477
1248	1248
12485	12485
12486	12486
12488	12488
1249	1249
12499	12499
1250	1250
12501	12501
12502	12502
12505	12505
12516	12516
12519	12519
1252	1252
12520	12520
12527	12527
12541	12541
12547	12547
12549	12549
12554	12554
12562	12562
12569	12569
12573	12573
12575	12575
12586	12586
12589	12589
1259	1259
12590	12590
12591	12591
12597	12597
12598	12598
12601	12601
12602	12602
12610	12610
12617	12617
12624	12624
12634	12634
12651	12651
12657	12657
12659	12659
1266	1266
12666	12666
12667	12667
12670	12670
12684	12684
127	127
12702	12702
12715	12715
12717	12717
1272	1272
12722	12722
12725	12725
12726	12726
12729	12729
12740	12740
12755	12755
12756	12756
12761	12761
12769	12769
12771	12771
12782	12782
12783	12783
12784	12784
12785	12785
12786	12786
12787	12787
12788	12788
12789	12789
12790	12790
12798	12798
12805	12805
12817	12817
12818	12818
12846	12846
12852	12852
12855	12855
12864	12864
12875	12875
12881	12881
12882	12882
12883	12883
12884	29766
12885	12885
12889	12889
12900	12900
12901	12901
12910	12910
12911	12911
12923	12923
12925	12925
12936	12936
12940	12940
12949	12949
12954	12954
12960	12960
12963	12963
12984	12984
12990	12990
12991	12991
12993	12993
12995	12995
13018	13018
13021	13021
13027	13027
13029	13029
13030	13030
13032	13032
13037	13037
13045	13045
13052	13052
13056	13056
13057	13057
13058	13058
13064	13064
13074	13074
13079	13079
13082	13082
13097	13097
13130	13130
13133	13133
13136	13136
1314	1314
13141	13141
13145	13145
13153	13153
13157	13157
1317	1317
13174	13174
13175	13175
13186	13186
13187	13187
13188	13188
13189	13189
13195	13195
13196	13196
13197	13197
13198	13198
13199	13199
13203	13203
13205	13205
13208	13208
13211	13211
13224	13224
13228	13228
1323	1323
13236	13236
13237	13237
13256	13256
13259	13259
13265	13265
13268	13268
13269	13269
13275	13275
13279	13279
13294	13294
13296	13296
1331	1331
13315	13315
13316	13316
13319	13319
13320	13320
13321	13321
13322	13322
13323	13323
13324	13324
13325	13325
13326	13326
13327	13327
13328	13328
13329	13329
13343	13343
1335	1335
1336	1336
13360	13360
13383	13383
13389	13389
13393	13393
13394	13394
13399	13399
13425	13425
13428	13428
1343	1343
13436	13436
1344	1344
1345	1345
13451	13451
13452	13452
1347	1347
13474	13474
13479	13479
1348	1348
13481	13481
13483	13483
13485	13485
13487	13487
13488	13488
13489	13489
1349	1349
13490	13490
13492	13492
13493	13493
13494	13494
13495	13495
13496	13496
13497	13497
13498	13498
13499	13499
135	135
1350	1350
13501	13501
13502	13502
13506	13506
13507	13507
13508	13508
13509	13509
1351	1351
13510	13510
13511	13511
13512	13512
13513	13513
13514	13514
13515	13515
13516	13516
13518	13518
13519	13519
1352	1352
13520	13520
13522	13522
13523	13523
13524	13524
13525	13525
13526	13526
13527	13527
13528	13528
13529	13529
1353	1353
13530	13530
13531	13531
13532	13532
13533	13533
13539	13539
1354	1354
13544	13544
1355	1355
13554	13554
13558	13558
1356	1356
13563	13563
1357	1357
1358	1358
13580	13580
1359	1359
13592	13592
13597	13597
1360	1360
13607	13607
1361	1361
13616	13616
13617	13617
1362	1362
13623	13623
13625	13625
13626	13626
13627	13627
13628	13628
13629	13629
1363	1363
13630	13630
13631	13631
13632	13632
13633	13633
13634	13634
13635	13635
13636	13636
13637	13637
13638	13638
13639	13639
1364	1364
13640	13640
13641	13641
13642	13642
13643	13643
13644	13644
13645	13645
13646	13646
13647	13647
13648	13648
13649	13649
1365	1365
13650	13650
13651	13651
13652	13652
13653	13653
13654	13654
13655	13655
13656	13656
13657	13657
13658	13658
13659	13659
1366	1366
13660	13660
13661	13661
13662	13662
13663	13663
13664	13664
13665	13665
13666	13666
13667	13667
13668	13668
13669	13669
1367	1367
13670	13670
13671	13671
13672	13672
13673	13673
13674	13674
1368	1368
13683	13683
1369	1369
13691	13691
13696	13696
1370	1370
1371	1371
13716	13716
1372	1372
13720	13720
13721	13721
13728	13728
1373	1373
1374	1374
13745	13745
1375	1375
1376	1376
1377	1377
13771	13771
13772	13772
13773	13773
1378	1378
1379	1379
1380	1380
13800	13800
13805	13805
1381	1381
1382	1382
13820	13820
13827	13827
1383	1383
13830	13830
1384	1384
1385	1385
13857	13857
13858	13858
1386	1386
13863	13863
13867	13867
1387	1387
13874	13874
13875	13875
13877	13877
1388	1388
13880	13880
13882	13882
1389	1389
13890	13890
13899	13899
1390	1390
13908	13908
13909	13909
1391	1391
13911	13911
13913	13913
13930	13930
13933	13933
13935	13935
13939	13939
13941	13941
13948	13948
13950	13950
13952	13952
13957	13957
1396	1396
13963	13963
13964	13964
13966	13966
13967	13967
13968	13968
13984	13984
13987	13987
1399	1399
13998	13998
14006	14006
14008	14008
14015	14015
14017	14017
14020	14020
14022	14022
14024	14024
14028	14028
14042	14042
14043	14043
14044	14044
14050	14050
14053	14053
14056	14056
14059	14059
1406	1406
14060	14060
14079	14079
14095	14095
14105	14105
14108	14108
14112	14112
14113	14113
14116	14116
14121	14121
14125	14125
14134	14134
14135	14135
14136	14136
14144	14144
14160	14160
14167	14167
14168	14168
14169	14169
1417	1417
14170	14170
1418	1418
14182	14182
142	142
14208	14208
14209	14209
14217	14217
14223	14223
14224	14224
1423	1423
14232	14232
14233	14233
14234	14234
14236	14236
14238	14238
1424	1424
14240	14240
14242	14242
14243	14243
14244	14244
14246	14246
14248	14248
14249	14249
1425	1425
14250	14250
14253	14253
14254	14254
14256	14256
14257	14257
14258	14258
14259	14259
1426	1426
14260	14260
14261	14261
14262	14262
14263	14263
14264	14264
14266	14266
14267	14267
14268	14268
14269	14269
14270	14270
14271	14271
14272	14272
14273	14273
14274	14274
14275	14275
14276	14276
14277	14277
14278	14278
14279	14279
14280	14280
14281	14281
14282	14282
14284	14284
14285	14285
14286	14286
14287	14287
14288	14288
14289	14289
14290	14290
14291	14291
14292	14292
14293	14293
14295	14295
143	143
14302	14302
14303	14303
14305	14305
14310	14310
14311	14311
1432	1432
14329	14329
14332	14332
14333	14333
14336	14336
14337	14337
14341	14341
14346	14346
14348	14348
14351	14351
14353	14353
14354	14354
14357	14357
14360	14360
14363	14363
14364	14364
14365	14365
1437	1437
14377	14377
14379	14379
14382	14382
14385	14385
14386	14386
14390	14390
14391	14391
144	144
14411	14411
14419	14419
14420	14420
14421	14421
1443	1443
14435	14435
14438	14438
14448	14448
1445	1445
14466	14466
1447	1447
1448	1448
14492	14492
14493	14493
145	145
14501	14501
14507	14507
14523	14523
14524	14524
14525	14525
14526	14526
1453	1453
14531	14531
14532	14532
14539	14539
1455	1455
14553	14553
14554	14554
14558	14558
1456	1456
14574	14574
14598	14598
14599	14599
146	146
14602	14602
14609	14609
14612	14612
14622	14622
14631	14631
14636	14636
14639	14639
1464	1464
1465	1465
14654	14654
1466	1466
14665	14665
1467	1467
14678	14678
1468	1468
14683	14683
14684	14684
14686	14686
14688	14688
14694	14694
14695	14695
1470	1470
14702	14702
14703	14703
14704	14704
14705	14705
14706	14706
14707	14707
14708	14708
14709	14709
1471	1471
14710	14710
14711	14711
14712	14712
14713	14713
14714	14714
14715	14715
14716	14716
14717	14717
14718	14718
14719	14719
14720	14720
14721	14721
14722	14722
14723	14723
14724	14724
14725	14725
14726	14726
14727	14727
14728	14728
14732	14732
14733	14733
14736	14736
14738	14738
1474	1474
14746	14746
14747	14747
1475	1475
14755	14755
14760	14760
1477	1477
14777	14777
1478	1478
14785	14785
14788	14788
14789	14789
14800	14800
14803	14803
14807	14807
14808	14808
14810	14810
14811	14811
14812	14812
14816	14816
14817	14817
14818	14818
14820	14820
14822	14822
14824	14824
14826	14826
14827	14827
14829	14829
1483	1483
14835	10180
14836	14836
14837	14837
14838	14838
1484	1484
14840	14840
14842	14842
14843	14843
14845	14845
14846	14846
14847	14847
1485	1485
14852	14852
14855	14855
1486	1486
14861	14861
14880	14880
14881	14881
14883	14883
14885	14885
14893	14893
14900	14900
14901	14901
14915	14915
1492	1492
14927	14927
14939	14939
14941	14941
14944	14944
14947	14947
14951	14951
14953	14953
14955	14955
14959	14959
1496	1496
14960	14960
14962	14962
14963	14963
14965	14965
14967	14967
14968	14968
14969	14969
14971	14971
14972	14972
14973	14973
14975	14975
14980	14980
14981	14981
14982	14982
14983	14983
1499	1499
14990	14990
14991	14991
14994	14994
14995	14995
14997	14997
14998	14998
15	15
15000	15000
15002	15002
15008	15008
15009	15009
15010	15010
15011	15011
15017	15017
15018	15018
15019	15019
15022	15022
15024	15024
15028	15028
1503	1503
15064	15064
1507	1507
15091	15091
15095	15095
15106	15106
15113	15113
15128	15128
15130	15130
15140	15140
15147	15147
15148	15148
15151	15151
15159	15159
15171	15171
1518	1518
15180	15180
15181	15181
15198	15198
15223	15223
15242	15242
15246	15246
15248	15248
15257	15257
15258	15258
15262	15262
15267	15267
15272	15272
15276	15276
15299	15299
1530	1530
15310	15310
15311	15311
15312	15312
15316	15316
15318	15318
15321	15321
15331	15331
15342	15342
15366	15366
15367	15367
15372	15372
15378	15378
15379	15379
1538	1538
15390	15390
15398	15398
15407	15407
15408	15408
15417	15417
15419	15419
15421	15421
15425	15425
15434	15434
15435	15435
1544	1544
1545	1545
15458	15458
15460	15460
15466	15466
15468	15468
15479	15479
15494	15494
15495	15495
15496	15496
15510	15510
15513	15513
1552	1552
15523	15523
15528	15528
15529	15529
15533	15533
15535	15535
15552	15552
15554	15554
15558	15558
15574	15574
15585	15585
1559	1559
15592	15592
15593	15593
15594	15594
15598	15598
15599	15599
156	156
15602	15602
15609	15609
1561	1561
15620	15620
1563	1563
15634	15634
15636	15636
15637	15637
15638	15638
15639	15639
1565	1565
15660	15660
15675	15675
15677	15677
15701	15701
15702	15702
15711	15711
15738	15738
15745	15745
15755	15755
15756	15756
15766	15766
15779	15779
1578	1578
15780	15780
15785	15785
15786	15786
15787	15787
15788	15788
15789	15789
15790	15790
15791	15791
15792	15792
15793	15793
15794	15794
15795	15795
15796	15796
15797	15797
15798	15798
15799	15799
15800	15800
15802	15802
15804	15804
15805	15805
15806	15806
15809	15809
1581	1581
15810	15810
15811	15811
15814	15814
15816	15816
15817	15817
15818	15818
15819	15819
1582	1582
15820	15820
15821	15821
15822	15822
15823	15823
15824	15824
15825	15825
15826	15826
15828	15828
15829	15829
15830	15830
15831	15831
15832	15832
15833	15833
15834	15834
15836	15836
15837	15837
15838	15838
15839	15839
15840	15840
15845	15845
1585	1585
15850	15850
15856	15856
15868	15868
15872	15872
15877	15877
15888	15888
15908	15908
15911	15911
15916	15916
1593	1593
15930	15930
15938	15938
15941	15941
15947	15947
1595	1595
15964	15964
15967	15967
15968	15968
1597	1597
15973	15973
15978	15978
15988	15988
15990	15990
15991	15991
15992	15992
15994	15994
15998	15998
16	16
16006	16006
16026	16026
16034	16034
16035	16035
16039	16039
16056	16056
1607	1607
16072	16072
16073	16073
16078	16078
1608	1608
16083	16083
1609	1609
16091	16091
16094	16094
16096	16096
16113	16113
1612	1612
16120	16120
16121	16121
16122	16122
16123	16123
16124	16124
16127	16127
16128	16128
1614	1614
16143	16143
16146	16146
16153	16153
16164	16164
16167	16167
16169	16169
16186	16186
16192	16192
16194	16194
16205	16205
16206	16206
16207	16207
16208	16208
16220	16220
16226	16226
1623	1623
16231	16231
16236	16236
16237	16237
16245	16245
16246	16246
16253	16253
16257	16257
16271	16271
16280	16280
16289	16289
16291	16291
163	163
16321	16321
16324	16324
16325	16325
16339	16339
16343	16343
16344	16344
16350	16350
16351	16351
16353	16353
16354	16354
1636	1636
1637	1637
16370	16370
16372	16372
16386	16386
16389	16389
16404	16404
16413	16413
16420	16420
16431	16431
16432	16432
16448	16448
16461	16461
16463	16463
16470	16470
16472	16472
16473	16473
16477	16477
16482	16482
16484	16484
16485	16485
16486	16486
16487	16487
16489	11770
1649	1649
16490	16490
16491	16491
16492	16492
16494	16494
16498	16498
16501	16501
16502	16502
16503	16503
16504	16504
16507	16507
16508	16508
1651	1651
16511	16511
16516	16516
16517	16517
16525	16525
16534	16534
16537	16537
16538	16538
16540	16540
16541	16541
16542	16542
16553	16553
16555	16555
16557	16557
16563	16563
16568	16568
16583	16583
16586	16586
16593	16593
1660	1660
16610	16610
16612	16612
16616	16616
16624	16624
1663	1663
16636	16636
16639	16639
1664	1664
16642	16642
16659	16659
16665	16665
16666	16666
16687	11969
16689	16689
16690	16690
16694	16694
16697	16697
167	167
16712	16712
16715	16715
16720	16720
16722	16722
16729	16729
16730	16730
1674	1674
16741	16741
16750	16750
16766	16766
16767	16767
16773	16773
16779	16779
16785	16785
168	168
16806	16806
16810	16810
16811	16811
16819	16819
16820	16820
16821	16821
16834	16834
16838	16838
1685	1685
16850	16850
16855	16855
1686	1686
16860	16860
16863	16863
1687	1687
16871	16871
16877	16877
16888	16888
16892	16892
16893	16893
16894	16894
169	169
16919	16919
16922	16922
16924	16924
16928	16928
16929	16929
16956	16956
16962	16962
16966	16966
16983	16983
16996	16996
170	170
17000	17000
17001	17001
17016	17016
17021	17021
17023	17023
17027	17027
17029	17029
17034	17034
17035	17035
17060	17060
17061	17061
17068	17068
17088	17088
1709	1709
17094	17094
17102	17102
17104	17104
17115	17115
17120	17120
17136	17136
17137	17137
17144	17144
17145	17145
1715	1715
1716	1716
17162	17162
17187	17187
17210	17210
17212	17212
17214	17214
1722	1722
1723	1723
17232	17232
17233	17233
1724	1724
17245	17245
17249	17249
1725	1725
17251	17251
17255	17255
17258	17258
17259	17259
1727	1727
17270	17270
17272	17272
17281	17281
17299	17299
17305	17305
17325	17325
17333	17333
17336	17336
1734	1734
17343	17343
17347	17347
17352	17352
17354	17354
17359	17359
17369	17369
17379	17379
17384	17384
17406	17406
17409	17409
17413	17413
17418	17418
17428	17428
1743	1743
17430	17430
17432	17432
1745	1745
17456	17456
17460	17460
1747	1747
17476	17476
17491	17491
17492	17492
17494	17494
17495	17495
17496	17496
17497	17497
17501	17501
17503	17503
17504	17504
17518	17518
17519	17519
17520	17520
17521	17521
17522	17522
17523	17523
17543	17543
17562	17562
17563	17563
17568	17568
17571	17571
17573	17573
17583	17583
17588	17588
17592	17592
17595	17595
17596	17596
17610	17610
17618	17618
1762	1762
17620	17620
17625	17625
1763	1763
1764	1764
17640	17640
17644	17644
17658	17658
1767	1767
17670	17670
17673	17673
17677	17677
17681	17681
1770	1770
17708	17708
17715	17715
17734	17734
17737	17737
17745	17745
17750	17750
17761	17761
17764	17764
17766	17766
17768	17768
17780	17780
17783	17783
17784	17784
17792	17792
178	178
17813	17813
17814	17814
17815	17815
17819	17819
17820	17820
17823	17823
17824	17824
17828	17828
17847	17847
17848	17848
17860	17860
17862	17862
17867	17867
17872	17872
17877	17877
17882	17882
17883	17883
17885	17885
17886	17886
17892	17892
17893	17893
17894	17894
17901	17901
1791	1791
17927	17927
1793	1793
17947	17947
1795	1795
17963	17963
17968	17968
17970	17970
17984	17984
1799	1799
17992	17992
1800	1800
1801	1801
18016	18016
1802	1802
18020	18020
18023	18023
18029	18029
18038	18038
18053	18053
18067	18067
18069	18069
18072	18072
1808	1808
18097	18097
18099	18099
1810	1810
18102	18102
18103	18103
18105	18105
18112	18112
18118	18118
1812	1812
18123	18123
18125	18125
18126	18126
1813	1813
18138	18138
18143	18143
18144	18144
18146	18146
18147	18147
18148	18148
18152	18152
18153	18153
18154	18154
18155	18155
18156	18156
18158	18158
18166	18166
18167	18167
18170	18170
18179	18179
1818	1818
18181	18181
18185	18185
18186	18186
18187	18187
18191	18191
18192	18192
18193	18193
18195	18195
18196	18196
18199	18199
18207	18207
18217	18217
18220	18220
18232	18232
18237	18237
18246	18246
1825	1825
18253	18253
1826	1826
18263	18263
18278	18278
18280	18280
18283	18283
18284	18284
18286	18286
18287	18287
1829	1829
18293	18293
18294	18294
18295	18295
18298	18298
18299	18299
18301	18301
18304	18304
18305	18305
18306	18306
18307	18307
18308	18308
18309	18309
1831	1831
18310	18310
18313	18313
18314	18314
18315	18315
18316	18316
18319	18319
18321	18321
18322	18322
18323	18323
18324	18324
18325	18325
18326	18326
18327	18327
18328	18328
18329	18329
1833	1833
18330	18330
18331	18331
18332	18332
18333	18333
18334	18334
18335	18335
18336	18336
18337	18337
18338	18338
18339	18339
18340	18340
18341	18341
18342	18342
18343	18343
18344	18344
18345	18345
18346	18346
18347	18347
18348	18348
18349	18349
18350	18350
18351	18351
18352	18352
18353	18353
18354	18354
18359	18359
1836	1836
18368	18368
18374	18374
18379	18379
18393	18393
18401	18401
18405	18405
1841	1841
18416	18416
1843	1843
18434	18434
18436	18436
18448	18448
18453	18453
18458	18458
1846	1846
18465	18465
18467	18467
18468	18468
1847	1847
18472	18472
18482	18482
18488	18488
18490	18490
18491	18491
18498	18498
18508	18508
18513	18513
18514	18514
18516	18516
18524	18524
18527	18527
18567	18567
18579	18579
18580	18580
18584	18584
18592	18592
186	186
18605	18605
18606	18606
18621	18621
18636	18636
18641	18641
18643	18643
18644	18644
18648	18648
18649	18649
18652	18652
18653	18653
18659	18659
18667	18667
18669	18669
18673	18673
18678	18678
18679	18679
18680	18680
18692	18692
187	187
18703	18703
18714	18714
1872	1872
18724	18724
1873	1873
18734	18734
1874	1874
18743	18743
18748	18748
1875	1875
1876	1876
18766	18766
18767	18767
1877	1877
1878	1878
18785	18785
1879	1879
18791	18791
18798	18798
188	188
1880	1880
1881	1881
18813	18813
18816	18816
1882	1882
18825	18825
18829	18829
1883	1883
18832	18832
1884	1884
1885	1885
1886	1886
18860	18860
18862	18862
1887	1887
1888	1888
1889	1889
189	189
1890	1890
18904	18904
18906	18906
18909	14293
1891	1891
18916	18916
1892	1892
18922	18922
18924	18924
18925	18925
1893	1893
18931	18931
18937	18937
1894	1894
1895	1895
1896	1896
18961	18961
1897	1897
1898	1898
18980	18980
18987	18987
1899	1899
18995	18995
19	19
190	190
1900	1900
19007	19007
1901	1901
19015	19015
19017	19017
1902	1902
1903	1903
19032	19032
1904	1904
19062	19062
19066	19066
19069	19069
1907	1907
19072	19072
1908	1908
19080	19080
19089	19089
191	191
19107	19107
1911	1911
19139	19139
1914	1914
19142	19142
19147	19147
1915	1915
19153	19153
1916	1916
19164	19164
1917	1917
19174	19174
19177	19177
19183	19183
19189	19189
19195	19195
19198	19198
19199	19199
192	192
1920	1920
19205	19205
19209	19209
19212	19212
19223	19223
19228	19228
19230	19230
19240	19240
19243	19243
1926	1926
19264	19264
1927	1927
19272	19272
1928	1928
19282	19282
19283	19283
1929	1929
19296	19296
19299	19299
1930	1930
19300	19300
19304	19304
1931	1931
19310	19310
1932	1932
19325	19325
1933	1933
19330	19330
19332	19332
19335	19335
19336	19336
19339	19339
19342	19342
19344	19344
19346	19346
19347	19347
19348	19348
19349	19349
19350	19350
19352	19352
19355	19355
19356	19356
19357	19357
19359	19359
19360	19360
19368	19368
1938	1938
1939	1939
19408	19408
1942	1942
19430	19430
19433	19433
19438	19438
19446	19446
19461	19461
19462	19462
19472	19472
19487	19487
19500	19500
19503	19503
19509	19509
19515	19515
19519	19519
19525	19525
19526	19526
1953	1953
19533	19533
19537	19537
19540	19540
19541	19541
19543	19543
19544	19544
19546	19546
19548	19548
19549	19549
1955	1955
19550	19550
19551	19551
19553	19553
19554	19554
19555	19555
19556	19556
19557	19557
19558	35088
19559	19559
1956	1956
19563	19563
19564	19564
19565	19565
19568	19568
19569	19569
19570	19570
19573	19573
19577	19577
19578	19578
19581	19581
19582	19582
19585	19585
19596	19596
19598	19598
19599	19599
196	196
19600	19600
19602	19602
19604	19604
19605	19605
19607	19607
1962	1962
19621	19621
19657	19657
19694	19694
1970	1970
1971	1971
19719	19719
19729	19729
19747	19747
19753	19753
19755	19755
19773	19773
19782	19782
19783	19783
19797	19797
19802	19802
19804	19804
19805	19805
19817	19817
19834	19834
19841	19841
19843	19843
19864	19864
19865	19865
19898	19898
19901	19901
19914	19914
1992	1992
19924	19924
19929	19929
1993	1993
19936	19936
19959	19959
19962	19962
19963	19963
19966	19966
19972	19972
19990	19990
2	2
20	20
20017	20017
20024	20024
20031	20031
20038	20038
2004	2004
20041	20041
20052	20052
20054	20054
20060	20060
20063	20063
20072	20072
20076	20076
20092	20092
201	201
20105	20105
20109	20109
20125	20125
20140	20140
20143	20143
20147	20147
20151	20151
2016	2016
20171	20171
20174	20174
20181	20181
20185	20185
20188	20188
20201	20201
20206	20206
20207	20207
20216	20216
20218	20218
20219	20219
20223	20223
20225	20225
20226	20226
20227	20227
20232	20232
20235	20235
20243	20243
20256	20256
20257	20257
20260	20260
20262	20262
20265	20265
20275	20275
20282	20282
20285	20285
20290	20290
20292	20292
20300	20300
20301	20301
20315	20315
20320	20320
20323	20323
2033	2033
20345	20345
20353	20353
20354	20354
20356	20356
20358	20358
20359	20359
20363	20363
20365	20365
20367	20367
2037	2037
20373	20373
20375	20375
20378	20378
20379	20379
20380	20380
20381	20381
20382	20382
20383	20383
20385	20385
20386	20386
20387	20387
20390	20390
20391	20391
20392	20392
20393	20393
20395	20395
20397	20397
20400	20400
20401	20401
20402	20402
20403	20403
20404	20404
20405	20405
20406	20406
20407	20407
20410	20410
20411	20411
20413	20413
20418	20418
20434	20434
20451	20451
20469	20469
20471	20471
20474	20474
20479	20479
20488	20488
20490	20490
20491	20491
20494	20494
20498	20498
20499	20499
20506	20506
20508	20508
20520	20520
20522	20522
20525	20525
20537	20537
2054	2054
20544	20544
20545	20545
20564	20564
2058	2058
20588	20588
20599	20599
20602	20602
20603	20603
20604	20604
20623	20623
20624	20624
20636	20636
20637	20637
20638	20638
20639	20639
20640	20640
20641	20641
20642	20642
20643	20643
20645	20645
20647	20647
20649	20649
20653	20653
20658	20658
2066	2066
20679	20679
20686	20686
20687	20687
2070	2070
20706	20706
20723	20723
20729	20729
2073	2073
2074	2074
20743	20743
2075	2075
2076	2076
20767	20767
2077	2077
20773	20773
2078	2078
20788	20788
20795	20795
2081	2081
20810	20810
20828	20828
20832	20832
20838	20838
20852	20852
20853	20853
2087	2087
20883	20883
2089	2089
20891	20891
20893	20893
20896	20896
2090	2090
20901	20901
20912	20912
20913	20913
20917	20917
20918	20918
20925	20925
20943	20943
2095	2095
20956	20956
20961	20961
2097	2097
20977	20977
2098	2098
20984	20984
20985	20985
20986	20986
20987	20987
20989	20989
21	21
2101	2101
21012	21012
21015	21015
21017	21017
21018	21018
21019	21019
21020	21020
21026	21026
21027	21027
21028	21028
21029	21029
21031	21031
21032	21032
21033	21033
21034	21034
21035	21035
21038	21038
21041	21041
21042	21042
2105	2105
21052	21052
21058	21058
21082	21082
21085	21085
21092	21092
21093	21093
21094	21094
21095	21095
21096	21096
21097	21097
21098	21098
21099	21099
21100	21100
21101	21101
21102	21102
21103	21103
21104	21104
21105	21105
21106	21106
21107	21107
21108	21108
21109	21109
21110	21110
21111	21111
21112	21112
21113	21113
21114	21114
21116	21116
21120	21120
21121	21121
21122	21122
21123	21123
21126	21126
21142	21142
21143	21143
21163	21163
21165	21165
21170	21170
21171	21171
21192	21192
2120	2120
21262	21262
21263	21263
21274	21274
21286	21286
21288	21288
2129	2129
21291	21291
21293	21293
21295	21295
21321	21321
21331	21331
21333	21333
2134	2134
21340	21340
21341	21341
21344	21344
21356	21356
2136	2136
21372	21372
21376	21376
2139	2139
21393	21393
21416	21416
2142	2142
21422	21422
21442	21442
2146	2146
21460	21460
21461	21461
21473	21473
21480	21480
21481	21481
21485	21485
21489	21489
21498	21498
2151	2151
21514	21514
21544	21544
21549	21549
21552	21552
2156	2156
21560	21560
21566	21566
2157	2157
2158	2158
21586	21586
21595	21595
216	216
2160	2160
21601	21601
21602	21602
2161	2161
21612	21612
21628	21628
2163	2163
21667	21667
21676	21676
21678	21678
21695	21695
217	217
21704	21704
21711	21711
21719	21719
21720	21720
21726	21726
21729	21729
21733	21733
21735	21735
21752	21752
2176	2176
2178	2178
21780	21780
21790	21790
21805	21805
21806	21806
21813	21813
21815	21815
2182	2182
21822	21822
2183	2183
21838	21838
21839	21839
2184	2184
21840	21840
2185	2185
21857	21857
21863	21863
21865	21865
21873	21873
21881	21881
21883	21883
2189	2189
219	219
2190	2190
21902	21902
21916	21916
2192	2192
2193	2193
21933	21933
21936	21936
2194	2194
21941	21941
21946	21946
21958	21958
21961	21961
21972	21972
21973	21973
21975	21975
21976	21976
22005	22005
22012	22012
22015	22015
22021	22021
22032	22032
22043	22043
22049	22049
22062	22062
22065	22065
22081	22081
22083	22083
22088	22088
22090	22090
22091	22091
22094	22094
22119	22119
22124	22124
22125	22125
2213	2213
22132	22132
22144	22144
22148	22148
22161	22161
22173	22173
22175	22175
22177	22177
2218	2218
22180	22180
22181	22181
22182	22182
22183	22183
22184	22184
22194	22194
22198	22198
22199	22199
22201	22201
22215	22215
22222	22222
22223	22223
2223	2223
22231	22231
22232	22232
22237	22237
22243	22243
22246	22246
22270	22270
22292	22292
22293	22293
2230	2230
22300	22300
22301	22301
22303	22303
22304	22304
22315	22315
22317	22317
22324	22324
22332	22332
22335	22335
22344	22344
22345	22345
22346	22346
2235	2235
22351	22351
22352	22352
22378	22378
22394	22394
2240	2240
22414	22414
22416	22416
2243	2243
22430	22430
22431	22431
22433	22433
22436	22436
2246	2246
22466	22466
22468	22468
2247	2247
22478	22478
22484	22484
22490	22490
22495	22495
22496	22496
225	225
22500	22500
22502	22502
22510	22510
22518	22518
2252	2252
22527	22527
2254	2254
22544	22544
22547	22547
22552	22552
22553	22553
22561	22561
22568	22568
22574	22574
22579	22579
2258	2258
22582	22582
22585	22585
22601	22601
22605	22605
22613	22613
22614	22614
22616	22616
22617	22617
22623	22623
22629	22629
22630	22630
22646	22646
22652	22652
22653	22653
22658	22658
22666	22666
22669	22669
22680	22680
22681	22681
2270	2270
22714	22714
22715	22715
22725	22725
22744	22744
22745	22745
22765	22765
22773	22773
22776	22776
22777	22777
22779	22779
22780	22780
22781	22781
22782	22782
22783	22783
22784	22784
22785	22785
22786	22786
22787	22787
22790	22790
22792	22792
22794	22794
22795	22795
228	228
2280	2280
22802	22802
22805	22805
22806	22806
22811	22811
22813	22813
22814	22814
22815	22815
22817	22817
22823	22823
22824	22824
22830	22830
2284	2284
22844	22844
22847	22847
2285	2285
22852	22852
22855	22855
22862	22862
2287	2287
22876	22876
22885	22885
22888	22888
22889	22889
22890	22890
22891	22891
22894	22894
22895	22895
22896	22896
22897	22897
22898	22898
22901	22901
22902	22902
22904	22904
22905	22905
22906	22906
22907	22907
22908	22908
22909	22909
22910	22910
22911	22911
22912	22912
22913	22913
22914	22914
22915	22915
22916	22916
22917	22917
22918	22918
22920	22920
22921	22921
22922	22922
22924	22924
22925	22925
22926	22926
22928	22928
22930	22930
22931	22931
22932	22932
22933	22933
22934	22934
22935	22935
22936	22936
22937	22937
22938	22938
22939	22939
22940	22940
22941	22941
22942	22942
22943	22943
22944	22944
22945	22945
22946	22946
22947	22947
22948	22948
22949	22949
22950	22950
22951	22951
22952	22952
22953	22953
22954	22954
22955	22955
22956	22956
22957	22957
22958	22958
22959	22959
22960	22960
22961	22961
22962	22962
22963	22963
22964	22964
22965	22965
22966	22966
22967	22967
22968	22968
22969	22969
2297	2297
22970	22970
22971	22971
22972	22972
22973	22973
22974	22974
22975	22975
22976	22976
22977	22977
22978	22978
22979	22979
22980	22980
22981	22981
22982	22982
22983	22983
22984	22984
22985	22985
22986	22986
22987	22987
22988	22988
22989	22989
22990	22990
22991	22991
22992	22992
22993	22993
22994	22994
22995	22995
22996	22996
22997	22997
22998	22998
22999	22999
2300	2300
23000	23000
23001	23001
23002	23002
23003	23003
23004	23004
2301	2301
23016	23016
23018	23018
23019	23019
23025	23025
2304	2304
23043	23043
23054	23054
23055	23055
23059	23059
2306	2306
23091	23091
23105	23105
23107	23107
23115	23115
23163	23163
23172	23172
23176	23176
23177	23177
23179	23179
23183	23183
23184	23184
23208	23208
23229	23229
2324	2324
23240	23240
23268	23268
23276	23276
23285	23285
23301	23301
23305	23305
23306	23306
23320	23320
23333	23333
23342	23342
23343	23343
23344	23344
23345	23345
23346	23346
23347	23347
23348	23348
23349	23349
23350	23350
23351	23351
23352	23352
23353	23353
23354	23354
23355	23355
23360	23360
23371	23371
2339	2339
2340	2340
2341	2341
2343	2343
2344	2344
2347	2347
235	235
23510	23510
23574	23574
23585	23585
2359	2359
23593	23593
23594	23594
23611	23611
23622	23622
23628	23628
23654	23654
23660	23660
23661	23661
23680	23680
2371	2371
23719	23719
23721	23721
23722	23722
23726	23726
23727	13950
23730	23730
23754	23754
23758	23758
23830	23830
23848	23848
2385	2385
23855	23855
2386	2386
2389	2389
23891	23891
239	239
23905	23905
2391	2391
2393	2393
23936	23936
2394	2394
2395	2395
23980	23980
23982	23982
23985	23985
24	24
24031	24031
24059	24059
24077	24077
24078	24078
2408	2408
24108	24108
24119	24119
2414	2414
24150	24150
24151	24151
24157	24157
24165	24165
24168	24168
24169	24169
24182	24182
24210	24210
24236	24236
24260	24260
2428	2428
2429	2429
2430	2430
2431	2431
2432	2432
24326	24326
24347	24347
24366	24366
24382	24382
2442	2442
24450	24450
24462	24462
2448	2448
24482	24482
24489	24489
2450	2450
2452	2452
2454	2454
24562	24562
24570	24570
24571	24571
24574	24574
24577	24577
24580	24580
24581	24581
24582	24582
24586	24586
24587	24587
24588	24588
24589	24589
24591	24591
24594	24594
2461	2461
24615	24615
24621	24621
24622	24622
24623	24623
24627	24627
24631	24631
24632	24632
24648	24648
2471	2471
24710	24710
24738	24738
2476	2476
24767	24767
2477	2477
24773	24773
24790	24790
24795	24795
24802	24802
24806	24806
24839	24839
24842	24842
24862	24862
24868	24868
2487	2487
24878	24878
24905	24905
24911	24911
24914	24914
24916	24916
24917	24917
24919	24919
24961	24961
2499	2499
25	25
25000	25000
25001	25001
25002	25002
25006	25006
25012	25012
25014	25014
25060	25060
2508	2508
25081	25081
25115	25115
2515	2515
25165	25165
2519	2519
2520	2520
25232	25232
25235	25235
2524	2524
25241	25241
25242	25242
25249	25249
2527	2527
2528	2528
253	253
25310	25310
25312	25312
2532	2532
2533	2533
25332	25332
25339	25339
25342	25342
25353	25353
2536	2536
25363	25363
25372	25372
2538	2538
25491	25491
25495	25495
25496	25496
25500	25500
25507	25507
25509	25509
25514	25514
25515	25515
25519	25519
25520	25520
25533	25533
25548	25548
2555	2555
25559	25559
2556	2556
25563	25563
25567	25567
25594	25594
25598	25598
2560	2560
25608	25608
2561	2561
2563	2563
2565	2565
25657	25657
2567	2567
2568	2568
25695	25695
25697	25697
2572	2572
25729	25729
2573	2573
25739	25739
2575	2575
2576	2576
25771	25771
25774	25774
25802	25802
25812	25812
25818	25818
2582	2582
2585	2585
25852	25852
2586	2586
25867	25867
2587	2587
25883	25883
25884	25884
25904	25904
25922	25922
25923	25923
2593	2593
2594	2594
25941	25941
2595	2595
2596	2596
25968	25968
25969	25969
25982	25982
25999	25999
26	26
260	260
2600	2600
26022	26022
26028	26028
26029	26029
26058	26058
2606	2606
26064	26064
2607	2607
26084	26084
26087	26087
26092	26092
26100	26100
26102	26102
26111	26111
26117	26117
26126	26126
26128	26128
2620	2620
26201	26201
26207	26207
26226	26226
26233	26233
26238	26238
2625	2625
26262	26262
2627	2627
26280	26280
26286	26286
2629	2629
2631	2631
26334	26334
26337	26337
26347	26347
26364	26364
26365	26365
26374	26374
26377	26377
26396	26396
26397	26397
26409	26409
26412	26412
26429	26429
2644	2644
26479	26479
2648	2648
2649	2649
2650	2650
26509	26509
2651	2651
26511	26511
2652	2652
2653	2653
2654	2654
2655	2655
26556	26556
2656	2656
26564	26564
26567	26567
2657	2657
26575	26575
2658	2658
2659	2659
26592	26592
26594	26594
2660	2660
26603	26603
2661	2661
26620	26620
2663	2663
26635	26635
2664	2664
26644	26644
26645	26645
26648	26648
26656	26656
26657	26657
2666	2666
26663	26663
2667	2667
26676	26676
2668	2668
2669	2669
26713	26713
26729	26729
26733	26733
2675	2675
26762	26762
26766	26766
26767	26767
26771	26771
26787	26787
26789	26789
26797	26797
2682	2682
26827	26827
26830	26830
26864	26864
26882	26882
2689	2689
26894	26894
2690	2690
2692	2692
26928	26928
26929	26929
26930	26930
2694	2694
2695	2695
26968	26968
2697	2697
26991	26991
26996	26996
27006	27006
27007	27007
27012	27012
27019	27019
2702	2702
2703	2703
27047	27047
27048	27048
27070	27070
27072	27072
27076	27076
2709	2709
2710	2710
27109	27109
2712	2712
27128	27128
27134	27134
27137	27137
27145	27145
27160	27160
27168	27168
27169	27169
27185	27185
27193	27193
2720	2720
2723	2723
2724	2724
2727	2727
27274	27274
2728	2728
273	273
27342	27342
27355	27355
27356	27356
27357	27357
27358	27358
27361	27361
27365	27365
27367	27367
27368	27368
27369	27369
27370	27370
27373	27373
27374	27374
27377	27377
27381	27381
27384	27384
27387	27387
27391	27391
27394	27394
27398	27398
274	274
27409	27409
27421	27421
27423	27423
27439	27439
2749	2749
27493	27493
27494	27494
27495	27495
27496	27496
27497	27497
27498	27498
27499	27499
27500	27500
27501	27501
27502	27502
27503	27503
27504	27504
27505	27505
27506	27506
27507	27507
27508	27508
27509	27509
27510	27510
27511	27511
27512	27512
27513	27513
27514	27514
27515	27515
27516	27516
27517	27517
27518	27518
27519	27519
27520	27520
27521	27521
27522	27522
27523	27523
27525	27525
27530	27530
27531	27531
27532	27532
27537	27537
27538	27538
27539	27539
27551	27551
27556	27556
27571	27571
27591	27591
27592	27592
27621	27621
27622	27622
27623	27623
27624	27624
27628	27628
27631	27631
27641	27641
27642	27642
27643	27643
27644	27644
27645	27645
27646	27646
27647	27647
27648	27648
27649	27649
27650	27650
27651	27651
27652	27652
27653	27653
27654	27654
27655	27655
27656	27656
27657	27657
27658	27658
27659	27659
2766	2766
27660	27660
27661	27661
27662	27662
27663	27663
27664	27664
27665	27665
27666	27666
27667	27667
27668	27668
27669	27669
27670	27670
27671	27671
27672	27672
27673	27673
27674	27674
27675	27675
27676	27676
27677	27677
27678	27678
27679	27679
2768	2768
27680	27680
27681	27681
27682	27682
27683	27683
27684	27684
27685	27685
27686	27686
27687	27687
27688	27688
27689	27689
27690	27690
27691	27691
27692	27692
27693	27693
27694	27694
27695	27695
27696	27696
27697	27697
27698	27698
27699	27699
277	277
2770	2770
27700	27700
27701	27701
27702	27702
27703	27703
27704	27704
27705	27705
27711	27711
27716	27716
2774	2774
27744	27744
2775	2775
27769	27769
27770	27770
27773	27773
27776	27776
27810	27810
27812	27812
27813	27813
27825	27825
27834	27834
27837	27837
27845	27845
27858	27858
2786	2786
27871	27871
27873	27873
27875	27875
27883	27883
27887	27887
2789	2789
27907	27907
2791	2791
27913	27913
27918	27918
27925	27925
2793	2793
27937	27937
27956	27956
27966	27966
2797	2797
27971	27971
27979	27979
2798	2798
27982	27982
27988	27988
27989	27989
2799	2799
27990	27990
27991	27991
27998	27998
280	280
28005	28005
2801	2801
28018	28018
2802	2802
28020	28020
28024	28024
28032	28032
28050	28050
28051	28051
28052	28052
28063	28063
28064	28064
28066	28066
28069	28069
2809	2809
28090	28090
28092	28092
2810	2810
28112	28112
28126	28126
28129	28129
28136	28136
28147	28147
2816	2816
28161	28161
28163	28163
28165	28165
28173	28173
28180	28180
28185	28185
28190	28190
28191	28191
28192	28192
28193	28193
28194	28194
28197	28197
28198	28198
28199	28199
28200	28200
28201	28201
28203	28203
28206	28206
28207	28207
2821	2821
28214	28214
28215	28215
28216	28216
28217	28217
28218	28218
28219	28219
28220	28220
28221	28221
28222	28222
28223	28223
28224	28224
28225	28225
28226	28226
28227	28227
28228	28228
28229	28229
28230	28230
28231	28231
28232	28232
28233	28233
28234	28234
28235	28235
28236	28236
28237	28237
28238	28238
28239	28239
28240	28240
28245	28245
28248	28248
28258	28258
28259	28259
28278	28278
28286	28286
28297	28297
28303	28303
28315	28315
28316	28316
28323	28323
28325	28325
28326	28326
28328	28328
2833	2833
28332	28332
2834	2834
28350	28350
28354	28354
2836	2836
28369	28369
28376	28376
28386	28386
28395	28395
28406	28406
28407	28407
2841	2841
28414	28414
28428	28428
2846	2846
28460	28460
28476	28476
28477	28477
2848	2848
28487	28487
2849	2849
28503	28503
28505	28505
28507	28507
2851	2851
2852	2852
28539	28539
2854	2854
2855	2855
2856	2856
2857	2857
28578	28578
2858	2858
28584	28584
28591	28591
28598	28598
28605	28605
28614	28614
28616	28616
2863	2863
28632	28632
28658	28658
28671	28671
28676	28676
28683	28683
28684	28684
28685	28685
28686	28686
28687	28687
28688	28688
28692	28692
28694	28694
287	287
28710	28710
28717	28717
28723	28723
28728	28728
28732	28732
2874	2874
28740	28740
28748	28748
2875	2875
28755	28755
28762	28762
28782	28782
28794	28794
28797	28797
28817	28817
28825	28825
28841	28841
28845	28845
28856	28856
28892	28892
28914	28914
28924	28924
28928	28928
28943	28943
28951	28951
28952	28952
28960	28960
28961	28961
28966	28966
28986	28986
28987	28987
28989	28989
28992	28992
28995	28995
29016	29016
29023	29023
29043	29043
29044	29044
29045	29045
29051	29051
29056	29056
29070	29070
29076	29076
29079	29079
29082	29082
29095	29095
29097	29097
29098	29098
291	291
2911	2911
29114	29114
29115	29115
29116	29116
29130	29130
29143	29143
29146	29146
29147	29147
29153	29153
29159	29159
29170	29170
29173	29173
29174	29174
29179	29179
29180	29180
29195	29195
29198	29198
29210	29210
29211	29211
29215	29215
29218	29218
29220	29220
29241	29241
29248	29248
29250	29250
29251	29251
29253	29253
29266	29266
2927	2927
29273	29273
29277	29277
2928	2928
29286	29286
2929	2929
29295	29295
29296	29296
29297	29297
29298	29298
29299	29299
29300	29300
29301	29301
29304	29304
29308	29308
29309	29309
29317	29317
29319	29319
29338	29338
29347	29347
29349	29349
2935	2935
29360	29360
29369	29369
29379	29379
2938	2938
29380	29380
29382	29382
29417	29417
2942	2942
29426	29426
2943	2943
29432	29432
29437	29437
2944	2944
2945	2945
29457	29457
2946	2946
29464	29464
2947	2947
29482	29482
29489	29489
29490	29490
29499	29499
29513	29513
2952	2952
29522	29522
29524	29524
29525	29525
29534	29534
29535	29535
29538	29538
29542	29542
29543	29543
29561	29561
29562	29562
29563	29563
29564	29564
29565	29565
29566	29566
29567	29567
29568	29568
2957	2957
29570	29570
29571	29571
29574	29574
29576	29576
29577	29577
29581	29581
29582	29582
29585	29585
29587	29587
29588	29588
29589	29589
29591	29591
29594	29594
29596	29596
29599	29599
29600	29600
29601	29601
29602	29602
29603	29603
29604	29604
29605	29605
29606	29606
29608	29608
29609	29609
29610	29610
29611	29611
29612	29612
29613	29613
29614	29614
29615	29615
29616	29616
29617	29617
29618	29618
29619	29619
29620	29620
29621	29621
29622	29622
29624	29624
2963	2963
29637	29637
29646	29646
29651	29651
29667	29667
2967	2967
29681	29681
29687	29687
29690	29690
29697	29697
2970	2970
29707	29707
29709	29709
29714	29714
29716	29716
29720	29720
29745	29745
29757	29757
29766	29766
29771	29771
29772	29772
29773	29773
29774	29774
29775	29775
29781	29781
29790	29790
29806	29806
29808	29808
29812	29812
29820	29820
29827	29827
29834	29834
2984	2984
29841	29841
29876	29876
29889	29889
29895	29895
29899	29899
29905	29905
29910	29910
29917	29917
29921	29921
29939	29939
29948	29948
29949	29949
29951	29951
29952	29952
29966	29966
29973	29973
2998	2998
30018	30018
30039	30039
3004	3004
30051	30051
30055	30055
30063	30063
30065	30065
30069	30069
30090	30090
30091	30091
30101	30101
30103	30103
3013	3013
30141	30141
30142	30142
30146	30146
30147	30147
30158	30158
30159	30159
30168	30168
3019	3019
30193	30193
30195	30195
3020	3020
30202	30202
3022	3022
30221	30221
30235	30235
3025	3025
3026	3026
30267	30267
30279	30279
30285	30285
30303	30303
30307	30307
30314	30314
30319	30319
30323	30323
30328	30328
30329	30329
3033	3033
30333	30333
30335	30335
30342	30342
30353	30353
30358	30358
30372	30372
30374	30374
30382	30382
3039	3039
30399	30399
3040	3040
30406	30406
30408	30408
30420	30420
30421	30421
30427	30427
30429	30429
30430	30430
30434	30434
30439	30439
30449	30449
30464	30464
30474	30474
30480	30480
30483	30483
30484	30484
30486	30486
30487	30487
30488	30488
30490	30490
30491	30491
30496	30496
3050	3050
30516	30516
30517	30517
30518	30518
30519	30519
30520	30520
30521	30521
30522	30522
30523	30523
30524	30524
30525	30525
30526	30526
30527	30527
30528	30528
30530	30530
30531	30531
30532	30532
30533	30533
30534	30534
30535	30535
30536	30536
30537	30537
30538	30538
30539	30539
30540	30540
30541	30541
30542	30542
30546	30546
30558	30558
30562	30562
30564	30564
3058	3058
30587	30587
30588	30588
30597	30597
30620	30620
30638	30638
30647	30647
30651	30651
3066	3066
30660	30660
30661	30661
30670	30670
30673	30673
30681	30681
30691	21695
3070	3070
3072	3072
3073	3073
30739	30739
30744	30744
3075	3075
30762	30762
3078	3078
30787	30787
3079	3079
30790	30790
30798	30798
308	308
3080	3080
30803	30803
30804	30804
30806	30806
3081	3081
3082	3082
3084	3084
30840	30840
30843	30843
30849	30849
3085	3085
30855	30855
30856	30856
30864	30864
30865	30865
30871	30871
30876	30876
30885	30885
30896	30896
309	309
3090	3090
30916	30916
30918	30918
30919	30919
30922	30922
30923	30923
30927	30927
3093	3093
30943	30943
30947	30947
30956	30956
3096	3096
30967	30967
3097	3097
30972	30972
30973	30973
30997	30997
30998	30998
31002	31002
31003	31003
31004	31004
31005	31005
31007	31007
31021	31021
31027	31027
31028	31028
31037	31037
31069	31069
31071	31071
31080	31080
31095	31095
31116	31116
31123	31123
3113	3113
31130	31130
31132	31132
31153	31153
31178	31178
31192	31192
31243	31243
31254	31254
3126	3126
31261	31261
31266	31266
31267	31267
31268	31268
31269	31269
3127	3127
31270	4509
31271	31271
31272	31272
31273	31273
31274	31274
31275	31275
31276	31276
31277	31277
3128	3128
31280	31280
31281	31281
31286	31286
3129	3129
31291	31291
3130	3130
31307	31307
31308	31308
31311	31311
31314	31314
31328	31328
31341	31341
31346	31346
31348	31348
3135	3135
31355	31355
3137	3137
31372	31372
3138	3138
31383	31383
31385	31385
31387	31387
31388	31388
31396	31396
31397	31397
31403	31403
31405	31405
3141	3141
31413	31413
31422	31422
31427	31427
3143	3143
31435	31435
31438	31438
31447	31447
31452	31452
31457	31457
31468	31468
31482	31482
31490	31490
31492	31492
31495	31495
3150	3150
31505	31505
31507	31507
3151	3151
31515	31515
31516	31516
3152	3152
31528	31528
3153	3153
31531	31531
31537	31537
31541	31541
31542	31542
31546	31546
31555	31555
3156	3156
31565	31565
3157	3157
31577	31577
31585	31585
31586	31586
31598	31598
3161	3161
31612	31612
31623	31623
31625	31625
31626	31626
31628	31628
31632	31632
3164	3164
31646	31646
31647	31647
31652	31652
31653	31653
31657	31657
31673	31673
31689	31689
3170	3170
3171	3171
31715	31715
3172	3172
31734	31734
3174	3174
31759	31759
3177	3177
31778	31778
3178	3178
31788	31788
31792	31792
31802	31802
31807	31807
31810	31810
31819	31819
31821	31821
31824	31824
31834	31834
31838	31838
31840	31840
31841	31841
31842	31842
31843	31843
31846	31846
31854	31854
31858	31858
31860	31860
31865	31865
31878	31878
3190	3190
31948	31948
31957	31957
31976	31976
31995	31995
32000	32000
32004	32004
3203	3203
32040	32040
3205	3205
32105	32105
32106	32106
32107	32107
32109	32109
32113	32113
32114	32114
32115	32115
32116	32116
32117	32117
32118	32118
32119	32119
32120	32120
32121	32121
32122	32122
32123	32123
32124	32124
32125	32125
32126	32126
32129	32129
3213	3213
32132	32132
32134	32134
32135	32135
32136	32136
32144	32144
32145	32145
32150	32150
32151	32151
32159	32159
32161	32161
32166	32166
3217	3217
32170	32170
32171	32171
32173	32173
32174	32174
32179	32179
32180	32180
32181	32181
32183	32183
32185	32185
32186	32186
32187	32187
3219	3219
32190	32190
32191	32191
32195	32195
32196	32196
32199	32199
32200	32200
32202	32202
32203	32203
32204	32204
32206	32206
32211	32211
32216	32216
3222	3222
32225	32225
32226	32226
32227	32227
32228	32228
32231	32231
32232	32232
32245	32245
32246	32246
32247	32247
3225	3225
32257	32257
32271	32271
32277	32277
32286	32286
32302	32302
32305	32305
32308	32308
32314	32314
32315	32315
32326	32326
32329	32329
3233	3233
32332	32332
32334	32334
32337	32337
32338	32338
32346	32346
32348	32348
32349	32349
32350	32350
32354	32354
32355	32355
32356	32356
32357	32357
32358	32358
32359	32359
32360	32360
32368	32368
32370	32370
32383	32383
32387	32387
3240	3240
32409	32409
3241	3241
32410	32410
32414	32414
32424	32424
32427	32427
32429	32429
32434	32434
32436	32436
3244	3244
32442	9804
32444	32444
32458	32458
32459	32459
3246	3246
32468	32468
3248	3248
32480	32480
3249	3249
325	325
32517	32517
32518	32518
32524	32524
32526	32526
32529	32529
32536	32536
32541	32541
32547	32547
32548	32548
3255	3255
32554	32554
32566	32566
32570	32570
32585	32585
32586	32586
32611	32611
32612	32612
32613	32613
32614	32614
32617	32617
3262	3262
32620	32620
32624	32624
32629	32629
32632	32632
32635	32635
32646	32646
32650	32650
32659	32659
32662	32662
32664	32664
32666	32666
32669	32669
32676	32676
3268	3268
32691	32691
32692	32692
32712	32712
32727	32727
32731	32731
32732	32732
32733	32733
32734	32734
32742	32742
3276	3276
32766	32766
32769	32769
32770	32770
32778	32778
32782	32782
32783	32783
32784	32784
32785	32785
32788	32788
32790	4802
32796	32796
32799	32799
32802	32802
32803	32803
32809	32809
32814	32814
32823	32823
32829	32829
32835	32835
32838	32838
32839	32839
32845	32845
3285	3285
32852	32852
32856	32856
32864	32864
32869	32869
32878	32878
32881	32881
32887	32887
32888	32888
32889	32889
329	329
32904	32904
32905	32905
32906	32906
3291	3291
32921	32921
32929	32929
32930	32930
32941	32941
32947	32947
32949	32949
32971	32971
32975	32975
32976	32976
32977	32977
32980	32980
32987	32987
32994	32994
32995	32995
3300	3300
33005	33005
3301	3301
33014	33014
33021	33021
33022	33022
3303	3303
33031	33031
33035	33035
33037	33037
33046	33046
33054	33054
33056	33056
33057	33057
33059	33059
33062	33062
33072	33072
33073	33073
33081	33081
33087	33087
3309	3309
33097	33097
33100	33100
33104	33104
3311	3311
33114	33114
33123	33123
33132	33132
33133	33133
33141	33141
33150	33150
33156	33156
33169	33169
33170	33170
33171	33171
33172	33172
33178	33178
3318	3318
33181	33181
33184	33184
33189	33189
33190	33190
332	332
33216	33216
33228	33228
33229	33229
33231	33231
33235	33235
33236	33236
33240	33240
33241	33241
33243	33243
33245	33245
33249	33249
3325	3325
33254	33254
33262	33262
33263	33263
33274	8758
33289	33289
33298	33298
333	333
33312	33312
33314	33314
33321	33321
33327	33327
3333	3333
33333	33333
33336	33336
33339	33339
33340	33340
33346	33346
33352	33352
33353	33353
33354	33354
33355	33355
33357	33357
3337	3337
33373	33373
33375	33375
3338	3338
33380	33380
33382	33382
33392	33392
33400	33400
33409	33409
33414	33414
33418	33418
33424	33424
33443	33443
33444	33444
33451	33451
33461	33461
33481	33481
33485	33485
33486	33486
33490	33490
33500	33500
33506	33506
33518	33518
33524	33524
33533	33533
33541	33541
33549	33549
33551	33551
33554	33554
33559	33559
33560	33560
33566	33566
33567	33567
33579	33579
33583	33583
33584	33584
33587	33587
33598	33598
33600	33600
33604	33604
33609	33609
3361	3361
33628	33628
33630	33630
33633	33633
33634	33634
33654	33654
33655	33655
3366	3366
33661	33661
33669	33669
33670	33670
33671	33671
33675	33675
33677	33677
33689	33689
33694	33694
33697	33697
33712	33712
33715	33715
33716	33716
33719	33719
33720	33720
33721	33721
33730	33730
33732	33732
33745	33745
33747	33747
33757	33757
33761	33761
3377	3377
33771	33771
33779	33779
3378	3378
33782	33782
33788	33788
33791	33791
33792	33792
33800	33800
33801	33801
33802	33802
33803	33803
33805	33805
33806	33806
33808	33808
33809	33809
33810	33810
33811	33811
33812	33812
33813	33813
33815	33815
33817	33817
33819	33819
33822	33822
33824	33824
33825	33825
33826	33826
33828	33828
33829	33829
3383	3383
33833	33833
33838	33838
33841	33841
33842	33842
33849	33849
33859	33859
33861	33861
33862	33862
33863	33863
33871	33871
33875	33875
3389	3389
33893	33893
3390	3390
33900	33900
33902	33902
33903	33903
33904	33904
3391	3391
3392	3392
33923	33923
33927	33927
3393	3393
33935	33935
33936	33936
33937	33937
33938	33938
33939	33939
3394	3394
33940	33940
33941	33941
33942	33942
33943	33943
33946	33946
3395	3395
33958	33958
3396	3396
33966	33966
33968	33968
3397	3397
33972	33972
3398	3398
33984	33984
33985	33985
33993	33993
33995	33995
3400	3400
3401	3401
34011	34011
34014	34014
34018	34018
34023	34023
34024	34024
3403	3403
34032	34032
34034	34034
3404	3404
34041	34041
34042	34042
34043	34043
34044	34044
34046	34046
3405	3405
34051	34051
34055	34055
34063	34063
34072	34072
34078	34078
3408	3408
3409	3409
34100	34100
34105	34105
34108	34108
34112	34112
34115	34115
3412	3412
34121	34121
34124	34124
34125	34125
34127	34127
34137	34137
34138	34138
34142	34142
34143	34143
34145	34145
34146	34146
34147	34147
34148	34148
34149	38757
34150	34150
34156	34156
34159	34159
34165	34165
3417	3417
34173	34173
34176	34176
34177	34177
34178	34178
34179	34179
3418	3418
34180	34180
34181	34181
3419	3419
34191	34191
34193	34193
34199	34199
3420	3420
3421	3421
34213	34213
3422	3422
34223	34223
34229	34229
3423	3423
34232	34232
34236	34236
3424	3424
34244	34244
34245	34245
34246	34246
34247	34247
34249	34249
34253	34253
34254	34254
34258	34258
34259	34259
34266	34266
34273	34273
34274	34274
34275	34275
34276	34276
34279	34279
34280	34280
34289	34289
3429	3429
34294	34294
34295	34295
34298	34298
343	343
34315	34315
34317	34317
34318	34318
3432	3432
34320	34320
34329	34329
3433	3433
34334	34334
34336	34336
34343	34343
34358	34358
34367	34367
34370	34370
34371	34371
34372	34372
34374	34374
34382	34382
34383	34383
34386	34386
34388	34388
34393	34393
34394	34394
34399	34399
34400	34400
34409	34409
34418	34418
34421	34421
34424	34424
34427	34427
34428	34428
34431	34431
34441	34441
34443	34443
34447	34447
3445	3445
34454	34454
34458	34458
34460	34460
34471	34471
34472	34472
34474	34474
34477	34477
34480	34480
34502	34502
3451	3451
34515	34515
34535	34535
3454	3454
34549	34549
34551	34551
34553	34553
34556	34556
34565	34565
34570	34570
34574	34574
34583	34583
34587	34587
34592	34592
34593	34593
34596	34596
346	346
34603	34603
34607	34607
3461	3461
34621	34621
34628	34628
34633	34633
34635	34635
34636	34636
34651	34651
34652	34652
34655	34655
34662	34662
34669	34669
34678	34678
34680	34680
34681	34681
34686	34686
34691	34691
34711	34711
34715	34715
34716	34716
34720	34720
34721	34721
34723	34723
34726	34726
34728	34728
3473	3473
34733	34733
34734	34734
34738	34738
34743	34743
34744	34744
34749	34749
34758	34758
34764	34764
34774	34774
34775	34775
34778	34778
34796	34796
34808	34808
34814	34814
34831	34831
34835	34835
34843	34843
34845	34845
34846	34846
34849	34849
34862	34862
3487	3487
34872	34872
34873	34873
34879	34879
34887	34887
349	349
3490	3490
34909	34909
34927	34927
34941	34941
34942	34942
34946	34946
34950	34950
34956	34956
34961	34961
34966	34966
34973	34973
34978	34978
3498	3498
34981	34981
34985	34985
34989	34989
34992	34992
34993	34993
35	35
350	350
35009	35009
35017	35017
35020	35020
35022	35022
35023	35023
35028	35028
35035	35035
35036	35036
35037	35037
35038	35038
35039	35039
3504	3504
35040	35040
35041	35041
35042	35042
35043	35043
35044	35044
35045	35045
35046	35046
35047	35047
35048	35048
35049	35049
35050	35050
35052	35052
35056	35056
35059	35059
3506	3506
35062	35062
35063	35063
35064	35064
35065	35065
35066	35066
35067	35067
35068	35068
35069	35069
35070	35070
35071	35071
35072	35072
35075	35075
35076	35076
35079	35079
3508	3508
35080	35080
35081	35081
35082	35082
35083	35083
35084	35084
35085	35085
35086	35086
35087	35087
35088	35088
35089	35089
35090	35090
35092	35092
35098	35098
351	351
35102	35102
3511	3511
35118	35118
35121	35121
35129	35129
35130	35130
35132	35132
35136	35136
35143	35143
35147	35147
35156	35156
35158	35158
3516	3516
35169	35169
35170	35170
35177	35177
35178	35178
35181	35181
35194	35194
352	352
35200	35200
35219	35219
3522	3522
35225	35225
35234	35234
35237	35237
35241	35241
35243	35243
35246	35246
35254	35254
35255	35255
35260	35260
35265	35265
35270	35270
35281	35281
35283	35283
35287	35287
35291	35291
35292	35292
35295	35295
353	353
3530	3530
35306	35306
35309	35309
3531	3531
35314	35314
35315	35315
35317	35317
35318	35318
35324	35324
35329	35329
35346	35346
35347	35347
35350	35350
35352	35352
35353	35353
35355	35355
35356	35356
35357	35357
35358	35358
35359	35359
35360	35360
35361	35361
35364	35364
35387	35387
35388	35388
35392	35392
354	354
3542	3542
35429	35429
3543	3543
35442	35442
35445	35445
35450	35450
35467	35467
35470	35470
35472	35472
35482	35482
35486	35486
355	355
35503	35503
35505	35505
35507	35507
35508	35508
3551	3551
35512	35512
35516	35516
35517	35517
35522	35522
35537	35537
35540	35540
35542	35542
35543	35543
35545	35545
35554	35554
35565	35565
3557	3557
35574	35574
35591	35591
35592	35592
35605	35605
35610	35610
35613	35613
35615	35615
35626	35626
35630	35630
35633	35633
35646	35646
3565	3565
35655	35655
35656	35656
3566	3566
35661	35661
35670	35670
35671	35671
35674	35674
35681	35681
35688	35688
3570	3570
35716	35716
35721	35721
35723	35723
35730	35730
35741	35741
35743	35743
35752	35752
35771	35771
35775	35775
35786	35786
35790	35790
35794	35794
35796	35796
35797	35797
35800	35800
35801	35801
35802	35802
35803	35803
35806	35806
3581	3581
35814	35814
35817	35817
35821	35821
35846	35846
35847	35847
35849	35849
3585	3585
35850	35850
35856	35856
3586	3586
35860	35860
35863	35863
3588	3588
35883	35883
35885	35885
35886	35886
35887	35887
35889	35889
35890	35890
35891	35891
35892	35892
35893	35893
35894	35894
35895	35895
35896	35896
35897	35897
35898	35898
35899	35899
359	359
3590	3590
35900	35900
35903	35903
35924	35924
35936	35936
35939	35939
35940	35940
35941	35941
35942	35942
35944	35944
35945	35945
35948	35948
35954	35954
35966	35966
35968	35968
35973	35973
35977	35977
35984	35984
35995	35995
360	360
36000	36000
36004	36004
36008	36008
3601	3601
36017	36017
36021	36021
36024	36024
36025	36025
36027	36027
3603	3603
36039	36039
36042	36042
36045	36045
36053	36053
36055	36055
36059	36059
36060	36060
36063	36063
36067	36067
36082	36082
36088	36088
3609	3609
36091	36091
361	361
3610	3610
3611	3611
36122	36122
36148	36148
36150	36150
36155	36155
36157	36157
36158	36158
36159	36159
36160	36160
36162	36162
36164	36164
36165	36165
36167	36167
36169	36169
36171	36171
36173	36173
36174	36174
36181	36181
36187	36187
36192	36192
36194	36194
36196	36196
36200	36200
36201	36201
36213	36213
36218	36218
36228	36228
36229	36229
3623	3623
36250	36250
36265	36265
36270	36270
36276	36276
36277	36277
3628	3628
36290	36290
36294	36294
36301	36301
36314	36314
36316	36316
36325	36325
36330	36330
36338	36338
36344	36344
36353	36353
36355	36355
3637	3637
36370	36370
36375	36375
3638	3638
36380	36380
36381	36381
3639	3639
36391	36391
36399	36399
364	364
3640	3640
36402	36402
3641	3641
36426	36426
36429	36429
36436	36436
3644	3644
36467	36467
36468	36468
36475	36475
36478	36478
36479	36479
36480	36480
36481	36481
36485	36485
36494	36494
36495	36495
36497	36497
36499	36499
36501	36501
36506	36506
36512	36512
36516	36516
36521	36521
36523	36523
36524	36524
36529	36529
36536	36536
36537	36537
3654	3654
36542	36542
36543	36543
36544	36544
3659	3659
36608	36608
36609	36609
36610	36610
36611	36611
36612	36612
36613	36613
36614	36614
36615	36615
36616	36616
36617	36617
36618	36618
36619	36619
36620	36620
36621	36621
36622	36622
3663	3663
36631	36631
3664	3664
36642	36642
36656	36656
36665	36665
3667	3667
3668	3668
36685	36685
3669	3669
36693	36693
36709	36709
3672	3672
3673	3673
36732	36732
36734	36734
36752	36752
36758	36758
36759	36759
36760	36760
36767	36767
3677	3677
36777	36777
36791	36791
36797	36797
36802	36802
36803	36803
36825	36825
36826	36826
36837	36837
36839	36839
36847	36847
36861	36861
36869	36869
36878	36878
36879	36879
3688	3688
36885	36885
36891	36891
36899	36899
369	369
3691	3691
36917	36917
3692	3692
36920	36920
36943	36943
36949	36949
36964	36964
36988	36988
36989	36989
3699	3699
36998	36998
36999	36999
3700	3700
37005	37005
37007	37007
37009	37009
37011	37011
37012	37012
37030	37030
37040	37040
37041	37041
37046	37046
37056	37056
37076	37076
37077	37077
37078	37078
37079	37079
37083	37083
3712	3712
37120	37120
37132	37132
3714	3714
37151	37151
37167	37167
37172	37172
3719	3719
37193	37193
3720	3720
37205	37205
37220	37220
37228	37228
3723	3723
37240	37240
37248	37248
37253	37253
37258	37258
37276	37276
37281	37281
37283	37283
37287	37287
37290	37290
37291	37291
37296	37296
37297	37297
37298	37298
3730	3730
37300	37300
37301	37301
37302	37302
37303	37303
37304	37304
37305	37305
37306	37306
37307	37307
37308	37308
37309	37309
37310	37310
37311	37311
37312	37312
37313	37313
37314	37314
37315	37315
37316	37316
37317	37317
37318	37318
37321	37321
37322	37322
37323	37323
37324	37324
37327	37327
37328	37328
37329	37329
37330	37330
37331	37331
37333	37333
37334	37334
37336	37336
37337	37337
37338	37338
3734	3734
37343	37343
37344	37344
37346	37346
37347	37347
37349	37349
37351	37351
37352	37352
37353	37353
37354	37354
37355	37355
37356	37356
37357	37357
37358	37358
37359	37359
3736	3736
37360	37360
37361	37361
37364	37364
37366	37366
37367	37367
37368	37368
37370	37370
37371	37371
374	374
37409	37409
3741	3741
37412	37412
3742	3742
37420	37420
37426	37426
37431	37431
3745	3745
3746	3746
3748	3748
3749	3749
37490	37490
375	375
3750	3750
3751	3751
3752	3752
3753	3753
3754	3754
3755	3755
37550	37550
3757	3757
37577	37577
37587	37587
3759	3759
37593	37593
37595	37595
37599	37599
37600	37600
37606	37606
3761	3761
37610	37610
37612	37612
37622	37622
37639	37639
37640	37640
37641	37641
37643	37643
37647	37647
3765	3765
3766	3766
37668	37668
37669	37669
37671	37671
37677	37677
37678	37678
37679	37679
37680	37680
37681	37681
37683	37683
37684	37684
37685	37685
37686	37686
37687	37687
37691	37691
37697	37697
37698	37698
37707	37707
37721	37721
37725	37725
37729	37729
37732	37732
37738	37738
37742	37742
37746	37746
37752	37752
37766	37766
37785	37785
37795	37795
37819	37819
3782	3782
37822	37822
37823	37823
37828	37828
37834	37834
3785	3785
37856	37856
37863	37863
37865	37865
37871	37871
37872	37872
37874	37874
37878	37878
37879	37879
37880	37880
37881	37881
37882	37882
37883	37883
37884	37884
37885	37885
37886	37886
37887	37887
37888	37888
37889	37889
3789	3789
37890	37890
37891	37891
37892	37892
37893	37893
37894	37894
37895	37895
37896	37896
37897	37897
37898	37898
37899	37899
3790	3790
37900	37900
37901	37901
37902	37902
37903	37903
37904	37904
37905	37905
37906	37906
37907	37907
37908	37908
37909	37909
37910	37910
37911	37911
37912	37912
37913	37913
37914	37914
37915	37915
37916	37916
37917	37917
37918	37918
37919	37919
37920	37920
37921	37921
37925	37925
37929	37929
3793	3793
37936	37936
3794	3794
37947	37947
37950	37950
37953	37953
3797	3797
37971	37971
37978	37978
37991	37991
38000	38000
38011	38011
38037	38037
38056	38056
3807	3807
38075	38075
3808	3808
38081	38081
38084	38084
38085	38085
3809	3809
38095	38095
38096	38096
38108	38108
38113	38113
38114	38114
38115	38115
38124	38124
38127	38127
38128	38128
38129	38129
38130	38130
38131	38131
38132	38132
38133	38133
38140	38140
38144	38144
3815	3815
38154	38154
38155	38155
38171	38171
38175	38175
38183	38183
38186	38186
38189	38189
38193	38193
382	382
38219	38219
3822	3822
38230	38230
38242	38242
38250	38250
38264	38264
38279	38279
38293	38293
383	383
3832	3832
38322	38322
38329	38329
38339	38339
38340	38340
38342	38342
38343	38343
38345	38345
38351	38351
38354	38354
38364	38364
38366	38366
38371	38371
38382	38382
38383	38383
38384	38384
38386	38386
38388	38388
38389	38389
38394	38394
38396	38396
38398	38398
38399	38399
3840	3840
38400	38400
38401	38401
38402	38402
38403	38403
38404	38404
38405	38405
38406	38406
38407	38407
38408	38408
38409	38409
38410	38410
38411	38411
38412	38412
38413	38413
38414	38414
38415	38415
38416	38416
38417	38417
38418	38418
38419	38419
38420	38420
38421	38421
38422	38422
38423	38423
38424	38424
3843	3843
38432	38432
38438	38438
38445	38445
38450	38450
38452	38452
3847	3847
38472	38472
38474	38474
3848	3848
38483	38483
38484	9382
38485	38485
3849	3849
38497	38497
385	385
38500	38500
38509	38509
38510	38510
38516	38516
38517	38517
3852	3852
3854	3854
38541	38541
3855	3855
38570	38570
38575	38575
3858	3858
38590	38590
38595	38595
38602	38602
3862	3862
38620	38620
38622	38622
38627	38627
38628	38628
38636	38636
38642	38642
38645	38645
38654	38654
38655	38655
38656	38656
38657	38657
38658	38658
38659	38659
3866	3866
38660	38660
38661	38661
38662	38662
38664	38664
38665	38665
38666	38666
38668	38668
38675	38675
38682	38682
3869	3869
38695	38695
38698	38698
3870	3870
38718	38718
38722	38722
38725	38725
38731	38731
38743	38743
38748	38748
38754	38754
38755	38755
38756	38756
38757	38757
38759	38759
38762	38762
38770	38770
38775	38775
38782	38782
38783	38783
38784	38784
38785	38785
38786	38786
38787	38787
38788	38788
38789	38789
38790	38790
38791	38791
38792	38792
38793	38793
38794	38794
38795	38795
38797	38797
38798	38798
38799	38799
388	388
38800	38800
38801	38801
38802	38802
38803	38803
38804	38804
38805	38805
38806	38806
38807	38807
38808	38808
38809	38809
38816	38816
38829	38829
3884	3884
38848	38848
38851	38851
3886	3886
38862	38862
38863	38863
38864	38864
38867	38867
3887	3887
38872	38872
38876	38876
38878	38878
3888	3888
38888	38888
38896	38896
38904	38904
38916	38916
38920	38920
38927	38927
38934	38934
38940	38940
38949	38949
3896	3896
38966	38966
38973	38973
38978	38978
38979	38979
38980	38980
38988	38988
38992	38992
38996	38996
39009	39009
39012	39012
39017	39017
39024	39024
39028	39028
39030	39030
39034	39034
39038	39038
3904	3904
39062	39062
39067	39067
39068	39068
39075	39075
3908	3908
39080	39080
39083	39083
39084	39084
39086	39086
39096	39096
391	391
39114	39114
39115	39115
39118	39118
39124	39124
3915	3915
39151	39151
39152	39152
3916	3916
39167	39167
3917	3917
39172	39172
39175	39175
3918	3918
39182	39182
39188	39188
3919	3919
39190	39190
39194	39194
3920	3920
3921	3921
39213	39213
39222	39222
3924	3924
39248	39248
3925	3925
39250	39250
39255	39255
39263	39263
39265	39265
39266	39266
39270	39270
39287	39287
39290	39290
39304	39304
3931	3931
39312	39312
39317	39317
39318	39318
3932	3932
39323	39323
39327	39327
39335	39335
39346	39346
39370	39370
39371	39371
39385	39385
39386	39386
39389	39389
39390	39390
39391	39391
39392	39392
39393	39393
39394	39394
39395	39395
39396	39396
39397	39397
39398	39398
39399	39399
39400	39400
39401	39401
39402	39402
39403	39403
39404	39404
39405	39405
39406	39406
39407	39407
39408	39408
39409	39409
39410	39410
39411	39411
39412	39412
39413	39413
39414	39414
39415	39415
39416	39416
39417	39417
39418	39418
39419	39419
3942	3942
39421	39421
39422	39422
39423	39423
39424	39424
39425	39425
39426	39426
39427	39427
39428	39428
39429	39429
3943	3943
39430	39430
39431	39431
39432	39432
39433	39433
39434	39434
39435	39435
39436	39436
39437	39437
39438	39438
39439	39439
3944	3944
39440	39440
39441	39441
39442	39442
39443	39443
39451	39451
39453	39453
39468	39468
39490	39490
39493	39493
3951	3951
39514	39514
39530	39530
3954	3954
39545	39545
39560	39560
39563	39563
39567	39567
3957	3957
39574	39574
39597	39597
39604	39604
39607	39607
39615	39615
39618	39618
39626	39626
39628	39628
39629	39629
39630	39630
39633	39633
39638	39638
39649	39649
3965	3965
39668	39668
39673	39673
39674	39674
39679	39679
39681	39681
39696	39696
39697	39697
39706	39706
39719	39719
39731	39731
39734	39734
39747	39747
39750	39750
39790	39790
39792	39792
39795	39795
39798	39798
39823	39823
3983	3983
39842	39842
39865	39865
3988	3988
39891	39891
39895	39895
399	399
39901	39901
39914	39914
39924	39924
39934	39934
39943	39943
39947	39947
39956	39956
39959	39959
3996	3996
39968	39968
3997	3997
39976	39976
39977	39977
39985	39985
39988	39988
39990	39990
39998	39998
40001	40001
40013	40013
40016	40016
40037	40037
4005	4005
40087	40087
40099	40099
40102	40102
40104	40104
40128	40128
40142	40142
40143	40143
40144	40144
40145	40145
40146	40146
40147	40147
40148	40148
40149	4357
4015	4015
40150	40150
40151	40151
40152	40152
40158	40158
4016	4016
4017	4017
40177	40177
4018	4018
40184	40184
40188	40188
40189	40189
40192	40192
40228	40228
40234	40234
40242	40242
40254	40254
40271	40271
40274	40274
4029	4029
4030	4030
40300	40300
40303	40303
40307	40307
40309	40309
40333	40333
40341	40341
4035	4035
4036	4036
40361	40361
40372	40372
40378	40378
40383	40383
40392	40392
40393	40393
40404	40404
40405	40405
40411	40411
40412	40412
4042	4042
4043	4043
40436	40436
40439	40439
40455	40455
40458	40458
40468	40468
40476	40476
40491	40491
40499	40499
405	405
40500	40500
40501	40501
40502	40502
40503	40503
40504	40504
40505	40505
40506	40506
40507	40507
40508	40508
40511	40511
40512	40512
40514	40514
40516	40516
40518	40518
40519	40519
40521	40521
40529	40529
40530	40530
40531	40531
40532	40532
40534	40534
40536	40536
40537	40537
40538	40538
40540	40540
40547	40547
40548	40548
40550	40550
40551	40551
40552	40552
40553	40553
40554	40554
40563	40563
40564	40564
40565	11770
40566	40566
40567	40567
40572	40572
40575	40575
40577	40577
40578	40578
40582	40582
40583	40583
40584	40584
40585	40585
40600	40600
4061	4061
40629	40629
40634	40634
40647	40647
40650	40650
40653	40653
40659	40659
40660	40660
40677	40677
4069	4069
40694	40694
40695	40695
40696	40696
407	407
40704	40704
40705	40705
40712	40712
40718	40718
40727	40727
40728	40728
4074	4074
40742	40742
40763	40763
40767	40767
40781	40781
40785	40785
40803	40803
40812	40812
40815	40815
40825	40825
40826	40826
40827	40827
40834	40834
40849	40849
40864	40864
40891	40891
40906	40906
40912	40912
40920	40920
40926	40926
40928	40928
40929	40929
40934	40934
40944	40944
4097	4097
40975	40975
40988	40988
4099	4099
40991	40991
41	41
410	410
41001	41001
41002	41002
41015	41015
41022	41022
41024	41024
41030	41030
41037	41037
4104	4104
41049	41049
41060	41060
41067	41067
41068	41068
41069	41069
41070	41070
41073	41073
41075	41075
41086	41086
41094	41094
41113	41113
41114	41114
41115	41115
41116	41116
41117	41117
41119	41119
41137	41137
4114	4114
41151	41151
41152	41152
41163	41163
41164	41164
41183	41183
41194	41194
41195	41195
415	415
4156	4156
4157	4157
4160	4160
4170	4170
4175	4175
4184	4184
4194	4194
420	420
4201	4201
4202	4202
4204	4204
4209	4209
421	421
4215	4215
4216	4216
4217	4217
4218	4218
4219	4219
4220	4220
4222	4222
4223	4223
4224	4224
4225	4225
4226	4226
4227	4227
4228	4228
4229	4229
4230	4230
4231	4231
4232	4232
4233	4233
4234	4234
4235	4235
4236	4236
4237	4237
4238	4238
4239	4239
4240	4240
4241	4241
4242	4242
4243	4243
4244	4244
4245	4245
4246	4246
4247	4247
4248	4248
4249	4249
4250	4250
4251	4251
4252	4252
4253	4253
4254	4254
4255	4255
4256	4256
4257	4257
4258	4258
4259	4259
426	426
4260	4260
4261	4261
4262	4262
4263	4263
4264	4264
4265	4265
4266	4266
4267	4267
4268	4268
4269	4269
427	427
4270	4270
4271	4271
4272	4272
4273	4273
4274	4274
4275	4275
4276	4276
4277	4277
4278	4278
4279	4279
4280	4280
4281	4281
4282	4282
4283	4283
4284	4284
4285	4285
4286	4286
4287	4287
4288	4288
4289	4289
4290	4290
4291	4291
4292	4292
4293	4293
4298	4298
4300	16484
4301	4301
4304	4304
4307	4307
4308	4308
431	431
4310	4310
4312	4312
4313	4313
4315	4315
4316	4316
4317	4317
4318	4318
4320	4320
4322	4322
4323	4323
4325	4325
4326	4326
4327	4327
4328	4328
4329	4329
4331	4331
4332	4332
4333	4333
4334	4334
4335	4335
4336	4336
4337	4337
4338	4338
4339	4339
4340	4340
4341	4341
4342	4342
4343	4343
4344	4344
4345	4345
4346	4346
4347	4347
4348	4348
4349	4349
4352	4352
4353	4353
4354	4354
4356	4356
4357	4357
4358	4358
4359	4359
4360	4360
4361	4361
4383	4383
4385	4385
4398	4398
44	44
4407	4407
441	441
442	442
4421	13389
4435	4435
4436	4436
4438	4438
4439	4439
4440	4440
445	445
4451	4451
4452	4452
4458	4458
4459	4459
446	446
4460	4460
4473	4473
4474	4474
4475	4475
4476	4476
4478	4478
4488	4488
449	449
4500	4500
4501	4501
4502	4502
4503	4503
4504	4504
4505	4505
4506	4506
4507	4507
4508	4508
4509	4509
4513	4513
4514	4514
4515	4515
4516	4516
4517	4517
4518	4518
4519	4519
4520	4520
4521	4521
4523	4523
4528	4528
4529	4529
4530	4530
4531	4531
4532	4532
4534	4534
454	454
4556	4556
4558	4558
4560	4560
4561	4561
4562	4562
4563	4563
4565	4565
4570	4570
4571	4571
4573	8990
4583	4583
4586	4586
459	459
46	46
4608	4608
4612	4612
4614	4614
4616	4616
4617	4617
4618	4618
4623	4623
4634	4634
4635	4635
4648	4648
4653	4653
4655	4655
467	467
4673	4673
4676	4676
4677	38642
4687	4687
4690	4690
4691	4691
4695	4695
47	47
4701	4701
472	472
4721	4721
473	473
4732	4732
474	474
4742	4742
4747	4747
4748	4748
475	475
476	476
4771	4771
4779	4779
4801	4801
4802	4802
4805	4805
4806	4806
4807	4807
4808	4808
4809	4809
4810	4810
4811	4811
4812	4812
4813	4813
4819	4819
4825	4825
4826	4826
4828	4828
4836	4836
4841	4841
4849	4849
4852	4852
4861	4861
4862	4862
4863	4863
4869	4869
4872	4872
4884	4884
4888	4888
489	489
4897	4897
4898	4898
490	490
4901	4901
4904	4904
4905	4905
4906	4906
4909	4909
4910	4910
4911	4911
4914	4914
4916	4916
4917	4917
4919	4919
4923	4923
4927	4927
4929	4929
4931	4931
4934	4934
4935	4935
494	494
4947	4947
4952	4952
4956	4956
4957	4957
4958	4958
4959	4959
496	496
4960	4960
4961	4961
4962	4962
4963	13493
4965	4965
4966	4966
4967	4967
4968	4968
4969	4969
497	497
4990	4990
500	500
5000	5000
5001	5001
5003	5003
5005	5005
5006	5006
5010	5010
5013	5013
5015	5015
5025	5025
5027	5027
5029	5029
503	503
5036	5036
5038	5038
5043	5043
505	505
5051	5051
5059	5059
5068	5068
5069	5069
5070	5070
5077	5077
5080	5080
5083	5083
5087	5087
5088	5088
5098	5098
5107	5107
5113	5113
5115	5115
5124	5124
5126	5126
5128	5128
513	513
5131	5131
5155	5155
5159	5159
5160	5160
5161	5161
5164	5164
5165	5165
5166	5166
5167	5167
5168	5168
5169	5169
517	517
5170	5170
5171	5171
5172	5172
5173	5173
5174	5174
5175	5175
5176	5176
5177	5177
5178	5178
5179	5179
5180	5180
5181	5181
5182	5182
5185	5185
5187	5187
5188	5188
5190	5190
5194	5194
5195	5195
5196	5196
5200	5200
5201	5201
5202	5202
5204	5204
5205	5205
5206	5206
5208	5208
5209	5209
5210	5210
5211	5211
5212	5212
5213	5213
5214	5214
5215	5215
5218	5218
5219	5219
5221	5221
5222	5222
5224	5224
5225	5225
5226	5226
5227	5227
5228	5228
5229	5229
5230	5230
5231	5231
5232	5232
5233	5233
5234	5234
5235	5235
5236	5236
5237	5237
5238	5238
5239	5239
5240	5240
5241	5241
5242	5242
5243	5243
5244	5244
5245	5245
5246	5246
5247	5247
5248	5248
5249	5249
5250	5250
5251	5251
5252	5252
5253	5253
5254	5254
5255	5255
5256	5256
5257	5257
5258	5258
5259	5259
5260	5260
5263	5263
5264	5264
5265	5265
5266	5266
5267	5267
5268	5268
5269	5269
527	527
5270	5270
5271	5271
5272	5272
5273	5273
5274	5274
5275	5275
5276	5276
5282	5282
5285	5285
5286	5286
5287	5287
5288	5288
5289	5289
5290	5290
5291	5291
5292	5292
5293	5293
5294	5294
5295	5295
5296	5296
5297	5297
5299	5299
5323	5323
533	533
5336	5336
5355	5355
5367	5367
5378	5378
538	538
5386	5386
539	539
541	541
5414	5414
5419	5419
5425	5425
5426	5426
5436	5436
5439	5439
5440	5440
5442	5442
5446	5446
545	545
5459	5459
5466	5466
5478	5478
5479	5479
5488	5488
5489	5489
5504	5504
5514	5514
5525	5525
5531	5531
5534	5534
5546	5546
5548	5548
555	555
5550	5550
5552	5552
5554	5554
5556	5556
5558	5558
5559	5559
5565	5565
5582	5582
5590	5590
5597	5597
5603	5603
5605	5605
5609	5609
5612	5612
5620	5620
5632	5632
5636	5636
5647	5647
5656	5656
5658	5658
5663	5663
5667	5667
567	567
5671	5671
5705	5705
5707	5707
5724	5724
5741	5741
5753	5753
5755	5755
5760	5760
5767	5767
5771	5771
5774	5774
5777	5777
5786	5786
5794	5794
5798	5798
5799	5799
5800	5800
5801	5801
5802	5802
5803	5803
5804	5804
5806	5806
5814	5814
582	582
5820	5820
5834	5834
5837	5837
5840	5840
5841	5841
5846	5846
5850	5850
5851	5851
5856	5856
5876	5876
5882	5882
5887	5887
5893	5893
5894	5894
5898	5898
5907	5907
5919	5919
592	592
5922	5922
5927	5927
5931	5931
5934	5934
5937	5937
5938	5938
5944	5944
5948	5948
595	595
5959	5959
596	596
5963	5963
5969	5969
5970	5970
5971	5971
5974	5974
5983	5983
5989	5989
599	599
5999	5999
601	601
6011	6011
6019	6019
6021	6021
6023	6023
603	603
6031	6031
6034	6034
6038	6038
6042	6042
6053	6053
6067	6067
6068	6068
6069	6069
6077	6077
6079	6079
610	610
6106	6106
6107	6107
6112	6112
612	612
6148	6148
6149	6149
6152	6152
6153	6153
6154	6154
6155	6155
6157	6157
6158	6158
6159	6159
6160	6160
6162	6162
6172	6172
6182	6182
6195	6195
6196	6196
6200	6200
6204	6204
6210	6210
6211	6211
6222	6222
6224	6224
6230	6230
6237	6237
6238	6238
6240	6240
6248	6248
6251	6251
6254	6254
6257	6257
6262	6262
6267	6267
6273	6273
6277	6277
6303	6303
6305	6305
6306	6306
631	631
6310	6310
6325	6325
6331	6331
6351	6351
6364	6364
6365	6365
6366	6366
6370	6370
6372	6372
6397	6397
6403	6403
6406	6406
6411	6411
6424	6424
6440	6440
6447	6447
6452	6452
6464	6464
6467	6467
6470	6470
6472	6472
6473	6473
6479	6479
6481	6481
6484	6484
6485	6485
649	649
6498	6498
6505	6505
651	651
6510	6510
6525	6525
6529	6529
653	653
6534	6534
6556	6556
6558	6558
6560	6560
6562	6562
6567	6567
6582	6582
6583	6583
6584	6584
6589	6589
659	659
6598	6598
660	660
6601	6601
6603	6603
6608	6608
661	661
6610	6610
6611	6611
6612	6612
6615	6615
6616	6616
6617	6617
6621	6621
6623	6623
6627	6627
6632	6632
6655	6655
6659	6659
6671	6671
6672	6672
6673	6673
6674	6674
6675	6675
6676	6676
6677	6677
6678	6678
6679	6679
668	668
6680	6680
6681	6681
6682	6682
6683	6683
6686	6686
6688	6688
6691	6691
6692	6692
6693	6693
6694	6694
6696	6696
6698	6698
6699	6699
670	670
6700	6700
6701	6701
6702	6702
6703	6703
6704	6704
6705	6705
671	671
6710	6710
6713	6713
6714	6714
6715	6715
6717	6717
6718	6718
6719	6719
6720	6720
6721	6721
6722	6722
6726	6726
6727	6727
674	674
6750	6750
6751	6751
6753	6753
6754	6754
6765	6765
6771	6771
6773	6773
6776	6776
6788	6788
6792	6792
6816	6816
6828	6828
6840	6840
6844	6844
6847	6847
6853	6853
686	686
6866	6866
6880	6880
6887	6887
689	689
6894	6894
690	690
6905	6905
6909	6909
6925	6925
6926	6926
6931	6931
6932	6932
6937	6937
695	695
6977	6977
6979	6979
7014	7014
7024	7024
7028	7028
7030	7030
7053	7053
7058	7058
7065	7065
7069	7069
7094	7094
7106	7106
7116	7116
7137	7137
7150	7150
7153	7153
7154	7154
7155	7155
7156	7156
7157	7157
7163	7163
7191	7191
7194	7194
7229	7229
7240	7240
7244	7244
7248	7248
7251	7251
7257	7257
7269	7269
7274	7274
7275	7275
7276	7276
7278	7278
7279	7279
7280	7280
7281	7281
7282	7282
7283	7283
7284	7284
7285	7285
7286	7286
7287	7287
7288	7288
7289	7289
729	729
7290	7290
7291	7291
7292	7292
7293	7293
7294	7294
7295	7295
7296	7296
730	730
7301	7301
7303	7303
7305	7305
7309	7309
731	731
7310	7310
7316	7316
7317	7317
732	732
7326	7326
7355	7355
7357	7357
7366	7366
7369	7369
7374	7374
7382	7382
7389	7389
7398	7398
740	740
7405	7405
7406	31153
741	741
7412	7412
7425	7425
7435	7435
7437	7437
7444	7444
7447	7447
7456	7456
7458	7458
7468	7468
747	747
7470	7470
7475	7475
7494	7494
7499	7499
75	75
7504	7504
7506	7506
7522	7522
7527	7527
7535	7535
7538	7538
7539	7539
7546	7546
7549	7549
7555	7555
7565	7565
7572	7572
7573	7573
7581	7581
7582	7582
7594	7594
7595	7595
7596	7596
7597	7597
7598	7598
7599	7599
7600	7600
7611	7611
7616	7616
762	762
7625	7625
7629	7629
763	763
7645	7645
7648	7648
7649	7649
7650	7650
7651	7651
7653	7653
7660	7660
7664	7664
7678	7678
7679	7679
7680	7680
7682	7682
7687	7687
7689	7689
7690	7690
7696	7696
7698	7698
7699	7699
7710	7710
7711	7711
7717	7717
7726	7726
7732	7732
774	774
7747	7747
775	775
7751	7751
7754	7754
7771	7771
7778	7778
7780	7780
7782	7782
7786	7786
78	78
7802	7802
781	781
7813	7813
7824	7824
7851	7851
7853	7853
786	786
7863	21695
7865	7865
788	788
789	789
7898	7898
7899	7899
790	790
7920	7920
7924	7924
7939	7939
7943	7943
7944	7944
7949	7949
7951	7951
7955	7955
7958	7958
796	796
7965	7965
797	797
7970	7970
7982	7982
7991	7991
7998	7998
8001	8001
802	802
8020	8020
8022	8022
8023	8023
8024	8024
8025	8025
8026	8026
8028	8028
8029	8029
8032	8032
8036	8036
8043	8043
8045	8045
8046	8046
8075	8075
8085	8085
8086	8086
8088	8088
8090	8090
8111	8111
8112	8112
8115	8115
8118	8118
8123	8123
813	813
8133	8133
8135	8135
8139	8139
814	814
8145	8145
8146	8146
8148	8148
815	815
8168	8168
8177	8177
8180	8180
8185	8185
820	820
8203	8203
8204	8204
821	821
8215	8215
8220	8220
8221	8221
8222	8222
8223	8223
8224	8224
8225	8225
8226	8226
8227	8227
8228	8228
8229	8229
8236	8236
824	824
8245	8245
8258	8258
8268	8268
8269	8269
8270	8270
8276	8276
828	828
8282	8282
8283	8283
8286	8286
8297	8297
8324	8324
8325	8325
8342	8342
835	835
8353	8353
8359	8359
836	836
8377	8377
8385	8385
8386	8386
8387	8387
8391	8391
8392	8392
8400	8400
8415	8415
8418	8418
8419	8419
8422	8422
8427	8427
8431	8431
845	845
8455	8455
8456	8456
846	846
8474	8474
8477	8477
848	848
8484	8484
8486	8486
8497	8497
85	85
8504	8504
8522	8522
8524	8524
8530	8530
8532	8532
8548	8548
8549	8549
8559	8559
856	856
8567	8567
8568	8568
8574	8574
8583	8583
859	859
8596	8596
86	86
860	860
8603	8603
8614	8614
8615	8615
8620	8620
8630	8630
8641	8641
8646	8646
8648	8648
8650	8650
8662	8662
8663	8663
8664	8664
8665	8665
8666	8666
8668	8668
8669	8669
8672	8672
8673	8673
8674	8674
8675	8675
8676	8676
8677	8677
8678	8678
8679	8679
8680	8680
8681	8681
8682	8682
8683	8683
8684	8684
8686	8686
8688	8688
8691	8691
8692	8692
8693	8693
8694	8694
8695	8695
8696	8696
8697	8697
8698	8698
8699	8699
87	87
8700	8700
8701	8701
8702	8702
8703	8703
8708	8708
8715	8715
8716	8716
8718	8718
8719	8719
872	872
8720	8720
8721	8721
8726	8726
873	873
8737	8737
8738	8738
874	874
875	875
8750	8750
8758	8758
876	876
877	877
8772	8772
8774	8774
8777	8777
8779	8779
878	878
8785	8785
8789	8789
879	879
8790	8790
8794	8794
8795	8795
8797	8797
8798	8798
8799	8799
880	880
8801	8801
8802	8802
8811	8811
8812	8812
8818	8818
8819	8819
882	882
8820	8820
8823	8823
8824	8824
8827	8827
883	883
8832	8832
8835	8835
884	884
8845	8845
8847	8847
885	885
8852	8852
8854	8854
8858	8858
886	886
8865	8865
887	887
888	888
8889	8889
889	889
89	89
890	890
891	891
8920	8920
8925	8925
8932	8932
8948	8948
8950	8950
8951	8951
8956	8956
8960	8960
8977	8977
8987	8987
8990	8990
8991	8991
8992	8992
90	90
9009	9009
9016	9016
902	902
9020	9020
9021	9021
9022	9022
903	903
9042	9042
9043	9043
9044	9044
9045	9045
9046	9046
9047	9047
9048	9048
9049	9049
9050	9050
9051	9051
9052	9052
9053	9053
9055	9055
9056	9056
9057	9057
9058	9058
9059	9059
9060	9060
9061	9061
9062	9062
9063	9063
9064	9064
9065	9065
9066	9066
9067	9067
9073	9073
9074	9074
9075	9075
9076	9076
9078	9078
9079	9079
9080	9080
9081	9081
9082	9082
9083	9083
9086	9086
9087	9087
9089	9089
9092	9092
9093	9093
9094	9094
9095	9095
9096	9096
9097	9097
9098	9098
9099	9099
91	91
9100	9100
9101	9101
9102	9102
9103	9103
9104	9104
9106	9106
9107	9107
9108	9108
9109	9109
9111	9111
9112	9112
9114	9114
9115	9115
9116	9116
9117	9117
9118	9118
9121	9121
9122	9122
9123	9123
9124	9124
9125	9125
9126	9126
9127	9127
9128	9128
9129	9129
9130	9130
9132	9132
9133	9133
9135	9135
9136	9136
9137	9137
9138	9138
9139	9139
9140	9140
9141	9141
9142	9142
9143	9143
9144	9144
9145	9145
9146	9146
9147	9147
9148	9148
9149	9149
9150	9150
9151	9151
9152	9152
9153	9153
9154	9154
9155	9155
9156	9156
9157	9157
9158	9158
9159	9159
9160	9160
9161	9161
9162	9162
9163	9163
9164	9164
9165	9165
9166	9166
9167	9167
917	917
92	92
9202	9202
9207	9207
9217	9217
922	922
9234	9234
9236	9236
9241	9241
9253	9253
9261	9261
9265	9265
9268	9268
9269	9269
9271	9271
9274	9274
9276	9276
9286	9286
9288	9288
9301	9301
9319	9319
9324	9324
933	933
9333	9333
9334	9334
9335	9335
9336	9336
9337	9337
9338	9338
9339	9339
934	934
9345	9345
9354	9354
9372	9372
9374	9374
9376	9376
9379	9379
9382	9382
9383	9383
9387	9387
9390	9390
9396	9396
9432	9432
9437	9437
9442	9442
9443	9443
9444	9444
9445	9445
9446	9446
9447	9447
9448	9448
9449	9449
9450	29300
9452	9452
9454	9454
9462	9462
9463	9463
947	947
9474	9474
9481	9481
9482	9482
9483	9483
9484	9484
9485	9485
9486	9486
9526	9526
9530	9530
9531	9531
9541	9541
9544	9544
9548	9548
9550	9550
9555	9555
9558	9558
9578	9578
958	958
9586	9586
9590	9590
960	960
9608	9608
9623	9623
9650	9650
967	967
9677	9677
9680	9680
9682	9682
9690	9690
9702	9702
9710	9710
9711	9711
9713	9713
9715	9715
9716	9716
9722	9722
9723	9723
9725	9725
9728	9728
973	973
9730	9730
9733	9733
9737	9737
974	974
9747	9747
976	976
9765	9765
977	977
9783	9783
9791	9791
9799	9799
9802	9802
9804	9804
9808	9808
9809	9809
9818	9818
9822	9822
9824	9824
9827	9827
9834	9834
9842	9842
9844	9844
9853	9853
9854	9854
9856	9856
9857	9857
9864	9864
9867	9867
987	987
9874	9874
9882	9882
9883	9883
9889	9889
989	989
9891	9891
9897	9897
9900	9900
9901	9901
991	991
9910	9910
9911	9911
9915	9915
9926	9926
9935	9935
9957	9957
9967	9967
9980	9980
9981	9981
9985	9985
9989	9989
